gene_name	logFC	lfcSE	stat	pvalue	padj
KLF15	-1.07546017170583	0.166674838967849	-6.45244464230907	1.10060092308741e-10	1.65288378569127e-06
VGF	2.31364409614662	0.365268824209059	6.33408586444929	2.38752532961328e-10	1.65288378569127e-06
ADCYAP1	2.04665774816224	0.320943553229762	6.37700220978438	1.8058785646048e-10	1.65288378569127e-06
SLC6A9	-1.10160472850401	0.188563774258611	-5.84208039341207	5.15529151699497e-09	2.14140499032937e-05
NRN1	1.27783551884339	0.221191332336721	5.77705964037563	7.60173462277213e-09	2.63134043967257e-05
SGO1	-1.96713839951762	0.346833260208752	-5.67171210262142	1.41377421212844e-08	3.108877963484e-05
NEUROD6	1.79534930083965	0.314438227975182	5.70970429518306	1.13172633807722e-08	3.108877963484e-05
PRKX	-1.01782748683176	0.179750852722452	-5.66243481694833	1.49240074313728e-08	3.108877963484e-05
PRMT8	1.34226716605346	0.237069245661268	5.66192026430681	1.49688379964563e-08	3.108877963484e-05
PPEF1	1.81844574828459	0.323140937052165	5.62740754815302	1.82938154032996e-08	3.16620210092608e-05
RPH3A	1.41276501745064	0.250522361167389	5.63927711230009	1.70765532478603e-08	3.16620210092608e-05
PCSK1	1.91070680780589	0.343061106706492	5.56958154233615	2.55351864018665e-08	3.78814490271689e-05
JADE3	-1.01515944152824	0.182218372709656	-5.57111462709515	2.53114719610957e-08	3.78814490271689e-05
C3orf80	1.38070102007367	0.251006990194913	5.50064768714817	3.78398644278252e-08	4.91185090188438e-05
MID1IP1	-1.29756699898714	0.241551441278546	-5.37180400215807	7.79528124820665e-08	7.39802563769291e-05
LOC102724596	-1.50434375266137	0.280325210764771	-5.3664233358009	8.03133142338978e-08	7.39802563769291e-05
DNAH11	-1.14518998929785	0.215141171100577	-5.32296995242478	1.02086613162453e-07	8.03355835369868e-05
GNRH1	-1.2975212719166	0.243567817506427	-5.32714578305226	9.97680869625958e-08	8.03355835369868e-05
MAS1	1.97071954566316	0.371520564273642	5.30446961803072	1.13001061019303e-07	8.38185370110681e-05
SOWAHB	1.52134143766441	0.287933914433108	5.28364795324532	1.26636499552244e-07	8.74270811127879e-05
FAM53B-AS1	-1.1774176474222	0.223624208092141	-5.2651618421252	1.40065911700467e-07	8.8152391518394e-05
MSC	1.31159887897532	0.249567253216533	5.25549270615778	1.47628704485549e-07	9.01794283370699e-05
MDH1B	1.1494152118273	0.221043546468794	5.19994919638862	1.99343005525704e-07	0.000105806101933309
CLDN15	-1.05754624513069	0.203892792895253	-5.18677600180793	2.13965827974335e-07	0.000105806101933309
CRH	2.49650141573624	0.479676952710244	5.20454735552885	1.94470030493458e-07	0.000105806101933309
FOXO4	-1.27173575639339	0.247012604311422	-5.14846503456173	2.62626728696808e-07	0.000114025507312849
ABCC12	1.64036910925119	0.317751544782699	5.16242685892522	2.43768633634226e-07	0.000114025507312849
TAC1	1.88605539837144	0.368003069828681	5.12510778578413	2.97367580058851e-07	0.000121098573926319
OTOGL	1.35691123229923	0.264658739663642	5.12702219478467	2.94360826688911e-07	0.000121098573926319
USP2-AS1	1.477922923494	0.28942898361916	5.10634043976293	3.28457710238432e-07	0.000128712041206453
GCNT4	1.21183826721339	0.238767909793885	5.07538164680295	3.8671900649514e-07	0.000143424411533885
BEX5	1.32815608965176	0.262217987463104	5.06508383540486	4.08220657752983e-07	0.000148742716506521
NPFF	-1.34132551693979	0.265695929950529	-5.04834800137715	4.45646826561165e-07	0.000154260649014147
CPM	-1.11154382573148	0.220871717153257	-5.03253128131482	4.84045592166454e-07	0.000162147466188792
ALOX12B	1.47944945632625	0.29379989352143	5.03556838838111	4.7643298941884e-07	0.000162147466188792
LINC01546	-1.85578130996199	0.371710060405402	-4.99255066687729	5.95870749909918e-07	0.000187509690983016
GJD2	2.09506953917398	0.422585140988423	4.95774540078156	7.13159337470569e-07	0.000221068750446661
MGC16025	-1.14748646055735	0.231773916740957	-4.95088695351273	7.38760097269661e-07	0.000225636889120494
FAM222A	-1.19410517522527	0.24246775516216	-4.92479989525479	8.44467255315045e-07	0.000250553434651974
LBX2	-1.40575540870382	0.286273843606926	-4.91052689617716	9.08319958741948e-07	0.000265702777790303
HSPB3	1.61414364366435	0.332372942422625	4.8564231248761	1.19525153966059e-06	0.000318258708041163
PCDHGC5	1.02256080319393	0.211397883314707	4.83713832494554	1.31721764956079e-06	0.000337744362515161
KRT5	2.39715814895127	0.495557108104767	4.83729949534794	1.31615040221091e-06	0.000337744362515161
STAT4	1.47384246473849	0.306115542542456	4.81466067517328	1.47450224282415e-06	0.000347999285013804
ANKRD18DP	1.37055947510181	0.284591688834829	4.815880185093	1.46552444163936e-06	0.000347999285013804
MCHR2	1.27363039944746	0.26424791171731	4.81983146496907	1.43679547728343e-06	0.000347999285013804
PNMA3	1.22115920279434	0.252912417047015	4.82838769662832	1.37642921454125e-06	0.000347999285013804
TNRC6C-AS1	-1.44732909759566	0.300557066426312	-4.81548850208285	1.46840219263479e-06	0.000347999285013804
OVOL3	-1.36492714129636	0.284181926870782	-4.80300473828864	1.56302185205491e-06	0.000360693342725872
C10orf62	-1.58952526532909	0.334546681212468	-4.75128092608277	2.02132075342351e-06	0.000446604369445244
PPFIBP2	-1.10134248782788	0.23191379030689	-4.7489305675634	2.04495128870664e-06	0.00044706940331735
LINC01561	-1.41220648343928	0.298031028670166	-4.73845454864428	2.15354317789208e-06	0.000461102456305572
MPO	1.8289875538494	0.387036215713434	4.72562380364839	2.29410013578966e-06	0.000476461657202155
NAP1L2	1.09693519642163	0.232704761070176	4.71384939172272	2.4308035914687e-06	0.000499855047437757
LOC100129316	-1.50385433592843	0.319896094027359	-4.70107126659636	2.58800164838367e-06	0.000516828906108465
IL1RL2	1.21590897442104	0.261046463443911	4.65782588425025	3.19566308601958e-06	0.000598089407553184
NAP1L5	1.06084969933503	0.228235741688551	4.64804369152075	3.35097945569339e-06	0.000615898162082266
STON1	-1.73917128131369	0.375361113997437	-4.63332832426953	3.59833172471217e-06	0.000649050613982688
ADRA2B	-1.29157157485704	0.278914509540308	-4.63070772827752	3.64417971340025e-06	0.000649050613982688
LINC01202	2.2017097431789	0.475591299247581	4.62941552266023	3.66699283407518e-06	0.000649050613982688
THCAT155	1.04429418904658	0.225634573654441	4.62825431463318	3.68761001733146e-06	0.000649050613982688
SST	2.12024738531604	0.458611727161964	4.62318615015975	3.77890318187329e-06	0.000653507361438847
NAT16	1.61422160551847	0.34927035703952	4.62169655392719	3.8061447530913e-06	0.000653507361438847
CHML	1.00084401883679	0.217168246715604	4.6086112218213	4.05367511227353e-06	0.000678957890377491
ZBBX	1.37659093096672	0.298508408075111	4.61156501367404	3.9964861987509e-06	0.000678957890377491
MSC-AS1	1.25083728334704	0.272147696682639	4.59617075064091	4.30326095459493e-06	0.000711840415398963
PAK1	1.14423273203203	0.249082888196887	4.59378297849017	4.35282068253976e-06	0.000711840415398963
VSNL1	1.2428469138518	0.272467028327043	4.56145802845548	5.07996315084826e-06	0.000787356378208713
FBLN7	1.40628271105852	0.308245726145419	4.56221316883753	5.06172170862191e-06	0.000787356378208713
LOC100507194	1.53563593311233	0.337309749717787	4.55259871497082	5.29872842190411e-06	0.000799267078901933
MCM7	-1.27379453123096	0.279824320977952	-4.55212229865938	5.31074471031185e-06	0.000799267078901933
ADCY10P1	-1.01437023544156	0.223220697790096	-4.54424811625405	5.51316882610242e-06	0.000817878595352293
SCG2	1.09662662834162	0.241800095334522	4.53526135638809	5.75321973623963e-06	0.000829782088208062
HIP1	-1.07506920177202	0.237862355266843	-4.5197114127873	6.19239833876709e-06	0.000874897422434379
PVRIG	-1.01517198849328	0.224708603729435	-4.51772638717305	6.25071827317131e-06	0.000875887666818685
RGS4	1.64838285041008	0.365211104366571	4.51350692983189	6.3764365133917e-06	0.000878754057702421
LINC00898	2.05617299268758	0.455601865347658	4.51309169052362	6.38893845216744e-06	0.000878754057702421
SH2D5	1.12386038531103	0.249375149903302	4.50670560297135	6.58418848746551e-06	0.000896417952257103
CARTPT	2.84391064334546	0.632531676108511	4.49607624529082	6.92189240349717e-06	0.000928374934192534
SAP25	-1.0552613709961	0.23510126352714	-4.48853976862731	7.17130381057941e-06	0.000942663347100784
CCDC184	1.20616721167637	0.269070863466947	4.48271208608411	7.37003352815934e-06	0.000956676414664633
LDLRAP1	-1.50013023859578	0.335796308448458	-4.46738156690021	7.9182822315676e-06	0.000990691588357997
ZNF652	-1.00495749794537	0.224919808336298	-4.4680702219111	7.89283982318879e-06	0.000990691588357997
KIF1C	-1.29080031239471	0.289566287976542	-4.45770231546872	8.28428368966782e-06	0.00102327776749633
LIN28B-AS1	2.09694313893504	0.471133050634705	4.45085127462414	8.55305631329963e-06	0.00103470876809003
PKMYT1	-1.09516844296275	0.247126702844027	-4.43160706778808	9.35333491079101e-06	0.00108524811599005
SH2D6	-1.37959961028057	0.311810057679974	-4.42448720399047	9.66716332484266e-06	0.0010951922569281
GAP43	1.01364288918303	0.22968875611121	4.41311497499791	1.01893848249455e-05	0.00113167557983579
BEX1	1.00134139550392	0.228451772499581	4.38316317071149	1.1696843735076e-05	0.00124808399666419
DTHD1	-1.50868068286922	0.344772441906897	-4.37587376335789	1.20946999618513e-05	0.00126866072478631
SPATC1	-1.00331152178439	0.229274074988567	-4.37603563261317	1.20857265754508e-05	0.00126866072478631
SPTSSB	1.13465548991773	0.259565877350283	4.37135844472545	1.23475891620924e-05	0.00128223539653748
ZBTB20-AS1	-1.16493845853964	0.266687589102397	-4.36817649617864	1.25288227473824e-05	0.00128607480069808
LINC00463	-1.78938551857475	0.409610999678903	-4.368499674026	1.25103003999042e-05	0.00128607480069808
CRYM	1.31781172545326	0.302396069158723	4.35789965497719	1.31316561543113e-05	0.00130316542467714
UCKL1-AS1	-1.61497821251011	0.370385717310652	-4.36026049880207	1.29907698890469e-05	0.00130316542467714
BLID	-1.1452591322929	0.263839630096398	-4.34073960714114	1.42003925322731e-05	0.00136635387085108
OLFM3	1.19515794765447	0.275410415573619	4.33955246451092	1.42773179010547e-05	0.00136647749072353
LOC101926975	1.75576437950044	0.405783128836996	4.32685406249537	1.51254102538805e-05	0.00141623230257299
SERTAD4-AS1	-1.35085889645838	0.312433143599347	-4.32367347745497	1.53452367286739e-05	0.00142279116793674
LOC102724484	-2.03709905951446	0.471513814135704	-4.32033802286049	1.55790375422561e-05	0.00143804902540052
MORN3	1.00291358270621	0.233005816804898	4.30424268569218	1.67557910855709e-05	0.00151304793502705
LCN6	-1.73110598892185	0.402384746433083	-4.30211633086776	1.69174445165756e-05	0.00151447588433086
ZDHHC23	1.07465080200432	0.249949938323132	4.29946416155952	1.71211558326571e-05	0.00152502617483351
HMGCS1	1.0447736586777	0.243738479995212	4.28645349186645	1.81548189099926e-05	0.00154531735221982
SERPINF2	-1.28446036488238	0.299611997525882	-4.28707920740531	1.81037754616324e-05	0.00154531735221982
TLDC2	-1.11950035933418	0.261358012474379	-4.28339789063834	1.84060588060611e-05	0.00155670096942201
NEAT1	-1.21281195807642	0.28359160370349	-4.27661447743172	1.89756998071292e-05	0.00158913834392849
ITPKB-IT1	-1.15106567989775	0.269703110148732	-4.26789916980555	1.97322475175432e-05	0.00161983813712195
LOC101929715	1.24531828022285	0.291716377434436	4.26893509090947	1.96408408374349e-05	0.00161983813712195
PLA2G4B	-1.13513118813637	0.266168641701821	-4.26470669451742	2.00164971171049e-05	0.00163670326230375
LOC285762	1.24285538123075	0.292166844561065	4.25392341522509	2.10057169719547e-05	0.0016814029837214
ATAD3C	-1.1623788984781	0.273437787323592	-4.25098121900219	2.12836016858545e-05	0.00169363648817438
CYP4B1	-1.8861916330163	0.443865628710847	-4.24946540351529	2.14281299821594e-05	0.00169862912824225
CALY	1.01017446745739	0.238095661225407	4.24272522337588	2.20821744783949e-05	0.00172793220185748
LOC102723493	1.72452824585059	0.407240199411027	4.23467095916536	2.28886600256517e-05	0.00177373185052706
SYP	1.16611319319142	0.275577862641845	4.23151983984635	2.32117515382061e-05	0.00177891095091145
TMPRSS5	-1.30159741431268	0.308327124505333	-4.22148202627616	2.42701310450301e-05	0.00185318511644937
KIF19	-1.7272043828076	0.409997283384862	-4.21272152963579	2.5231205392084e-05	0.00190834358292386
ARRDC2	-1.38727851518044	0.329453368888854	-4.21084938320501	2.54412329774529e-05	0.00191445278155333
MYOT	-1.17534773382329	0.279441352792154	-4.20606228133137	2.59858648521824e-05	0.00193746980488076
FZD10-AS1	-1.40964416850726	0.33517429403523	-4.20570489322516	2.60269669007527e-05	0.00193746980488076
LLGL2	-1.0030550545131	0.238655093702613	-4.20294844309085	2.63460612380123e-05	0.00194726457598675
TUBB2A	1.02711684058162	0.244471143460578	4.20138273189388	2.65289655725791e-05	0.00195383009211665
PCA3	-1.14301571444431	0.272632100428732	-4.19252066299912	2.75871945821149e-05	0.00201838032864714
MCHR1	1.23616252609215	0.294888294464608	4.19196878715208	2.76544050713683e-05	0.00201838032864714
OLMALINC	-1.00901858520843	0.241481257007802	-4.17845508057725	2.93495946861421e-05	0.0020733392246139
SERTM1	1.21937872719374	0.291680669230527	4.18052636265042	2.90835089487996e-05	0.0020733392246139
CLDN16	1.34409492332656	0.322283858446346	4.17053131300499	3.0389029346937e-05	0.00212529994184409
PCP4L1	1.00537480342053	0.241512348489889	4.16282980852476	3.14327653739705e-05	0.00213903999496454
SLC10A1	-1.35711761970537	0.326056736918833	-4.16221309373896	3.15178016912113e-05	0.00213903999496454
LYRM9	1.09900429110905	0.264416937614719	4.15633091065597	3.23399319722298e-05	0.0021666711197782
PTOV1-AS2	-1.01724639562437	0.244809829017206	-4.15525144438901	3.24930006295533e-05	0.00216992646326429
OPTC	-1.69664026811135	0.410120333238849	-4.13693282338003	3.51979099184578e-05	0.00227659035808758
CPLX1	1.01511799061761	0.245866422111934	4.12873779956608	3.64760068317231e-05	0.00227659035808758
VCAN-AS1	-1.71414710155799	0.414614031972889	-4.1343200407411	3.56007084807794e-05	0.00227659035808758
FANCB	-1.4246009293185	0.345058697287669	-4.12857563225202	3.65017376495337e-05	0.00227659035808758
HTR3B	1.3708367063145	0.331749276051347	4.13214679058508	3.59390774588088e-05	0.00227659035808758
STYK1	1.18645764261752	0.287315609502705	4.12945765345321	3.63619965639863e-05	0.00227659035808758
TUBB3	1.02465225373249	0.248000754401951	4.13164974519299	3.60168939826853e-05	0.00227659035808758
OR7A5	-2.39468961659709	0.579288965674477	-4.13384296697056	3.56747273664802e-05	0.00227659035808758
LINC01168	1.36414039170764	0.331000382493167	4.12126530317772	3.76797204021222e-05	0.00233156218802191
LOC728084	1.9009907830934	0.461433856237188	4.11974708270267	3.79288501921613e-05	0.00233156218802191
ARL4D	1.20526260914233	0.292564150997321	4.11965240797177	3.79444373610384e-05	0.00233156218802191
NRON	-1.04023824902761	0.252968786648042	-4.11212095694202	3.92040795860147e-05	0.00238776987953648
MIR6717	-1.40772975260194	0.343286969737865	-4.10073750738889	4.11835504319697e-05	0.00248645685733017
PSG8	1.79579578072674	0.438290849884999	4.09726961262808	4.18051895596057e-05	0.00250939879180188
ATOH7	1.32585063979116	0.323705318348495	4.09585683224325	4.20609816754155e-05	0.00251747702713748
MAP4K4	-1.2103110247287	0.295670212707173	-4.09344929828077	4.25003043311944e-05	0.00252919432852314
HIF3A	-1.18666519874052	0.290043918980798	-4.09132935077697	4.2890749789636e-05	0.002545137092517
KMO	1.16838050031796	0.285624189858748	4.09062166931929	4.30218442345155e-05	0.00254564297124402
BAALC-AS1	1.30244927659905	0.318568373924923	4.08844500335115	4.34274473724112e-05	0.0025623427684023
LINCR-0002	1.34285165244335	0.328799434653686	4.08410572195092	4.42468840369358e-05	0.00258862967482569
CXCR1	-1.72036442799282	0.421308576594682	-4.08338335264389	4.4384713350024e-05	0.00258939918979396
KCNB2	1.11283175438396	0.273392726402985	4.07045121143284	4.6922167548479e-05	0.0026846459994886
C6orf223	1.90211083807085	0.468186268833477	4.06272239211566	4.85037005003305e-05	0.00275238621773597
LINC01007	1.85283829310948	0.458490734908576	4.04116845126421	5.31855357257997e-05	0.00289923987267489
LINC00460	1.8373153944801	0.454785820851637	4.0399575145934	5.34608848129488e-05	0.00290662072429355
LOC100288637	-1.00652375155861	0.250325453192661	-4.02086059855826	5.79859131107669e-05	0.00307114203410741
HES5	1.65495328887528	0.411869868078477	4.01814606296946	5.86578344175546e-05	0.00309204203811724
LOC100130548	-1.14941431828443	0.286243600078946	-4.01551097724953	5.93171376816188e-05	0.00311100412249884
SAMD11	-1.29995696469889	0.323829902776042	-4.01432033779143	5.96173340291782e-05	0.00311887257040807
GABRA1	1.06357095892303	0.265343675332264	4.00827703012415	6.11633477312387e-05	0.00316783433673341
GAD1	1.076115821411	0.269803937965946	3.98851043288634	6.64894792891919e-05	0.00331336123590946
GFRA2	1.06447318715216	0.266893534389463	3.98838132061616	6.65256697662019e-05	0.00331336123590946
SCHLAP1	1.37708204966279	0.345428581573651	3.98658977027694	6.70297734993842e-05	0.00331854210253522
GAD2	1.27017659487806	0.319490050863887	3.97563739917271	7.01910042432806e-05	0.00345198381971636
RIIAD1	1.10312147263299	0.277573420232058	3.97416104074647	7.06277656988948e-05	0.00345392412275723
LRRC73	1.06823207540055	0.269005211413306	3.9710460246783	7.15577522064771e-05	0.00347239008312225
FAM222A-AS1	-1.36182554024037	0.343572905647388	-3.96371634042069	7.37919285588725e-05	0.00354937774555201
IGF1	1.09955992981941	0.278348731372045	3.95029617846443	7.80545436784712e-05	0.00368435185831402
ADAMTS3	1.02914803639264	0.26063999611867	3.94854224876546	7.86285404815502e-05	0.0036878953808709
SLC23A3	-1.55324958088778	0.394397249469883	-3.93828705188877	8.2065381440045e-05	0.00375422005975395
MRGPRF	-1.19292295155017	0.303102145779806	-3.93571265713435	8.29501744599777e-05	0.0037780530117528
FREM3	1.52760183296069	0.388480428243974	3.9322491479579	8.41547780948327e-05	0.00379952116666918
LINC01164	2.05156355126989	0.522270479012371	3.9281629609804	8.55972040936054e-05	0.00381729314428288
BOK	-1.2668454192656	0.322915388805074	-3.92314972647624	8.73987974456654e-05	0.0038620970726575
LINC01445	-1.75784046162262	0.449928211691077	-3.90693540868596	9.34741278866161e-05	0.0040784961388175
LINC00601	-1.666873919648	0.426768446493279	-3.90580403341571	9.39125980263528e-05	0.00408903720840529
LOC105378385	1.13777143902063	0.29160719791506	3.90172618219129	9.55091606737929e-05	0.00413256199590417
QDPR	-1.18205191702968	0.303019467040596	-3.90091081795521	9.58314521138643e-05	0.00413788654667952
KIRREL3-AS3	1.73194018907583	0.444216059141542	3.89886892523166	9.66430689497873e-05	0.00415565196484085
PRSS8	-1.09909610100805	0.281999261193884	-3.89751411530256	9.71851594149709e-05	0.00417032763613539
PTPRD-AS2	1.15880219640277	0.297834147787746	3.89076338294359	9.99293427479634e-05	0.00425293549084519
LOC339685	1.77369148563133	0.456087338652252	3.88892945564467	0.00010068737682039	0.00425963164844678
SNAP25	1.08841113755976	0.280089041692885	3.8859468795398	0.0001019317958716	0.00428546855963007
CCKBR	1.08409503489328	0.279140644342457	3.88368751332137	0.00010288411882821	0.00430806504827238
PLPP2	-1.27940855470278	0.329848051222949	-3.87878160855956	0.000104980948878838	0.00436069865452919
CDK18	-1.16832411261207	0.30196294767704	-3.86909758829629	0.000109238915745259	0.00447491724085461
MDH1	1.01901905055929	0.2643427855526	3.85491530789864	0.000115769699529359	0.00467786165277289
COL5A2	1.38334280537412	0.358957433157548	3.8537795225624	0.000116308339445907	0.00469050078048942
MAMDC4	-1.20876972749788	0.314054566175152	-3.84891626388179	0.000118641551738635	0.00477532245748005
FAM81A	1.01122846591627	0.262894897219908	3.84651233861869	0.000119811099921768	0.00479465622815119
OLAH	-1.48691953824983	0.386982223742795	-3.84234584180306	0.000121863955870064	0.00483816813078586
SLC12A1	1.06168791896098	0.276518087316112	3.83948814801134	0.000123291080765911	0.00486470501068822
ABCA6	-1.16398991474075	0.304248956023223	-3.82578112988464	0.00013035807271823	0.00505113211247187
ENC1	1.18848424719374	0.311614933834582	3.81395150921952	0.000136762313774088	0.00523096960363544
AMIGO2	1.00742202288428	0.26424140931487	3.81250624380314	0.000137564753011351	0.0052423529454913
ELN	-1.08253191824033	0.284224671928735	-3.80871903517144	0.000139688574174049	0.00529414597996502
EGFR-AS1	-1.07388003643225	0.282380020687738	-3.80296040001985	0.000142977217359335	0.00536517266631012
BMP3	1.29632149858545	0.341327873200252	3.79787764307465	0.000145940328707549	0.00541175574553655
CA3-AS1	-1.01136690050201	0.26654423337601	-3.79436796546745	0.000148020022816931	0.00545075860617878
MAN2A1	-1.20683974262977	0.318417954930723	-3.79011209619866	0.000150579315267318	0.0055142433515326
PPP1R2P3	1.06183571630354	0.280411917289537	3.78669967584561	0.000152661427024328	0.00552587222816088
TRPA1	1.11793425655096	0.295205479016781	3.78696987696294	0.000152495579022751	0.00552587222816088
CLDN34	2.35716777903542	0.62299991779659	3.78357638853659	0.000154590848980981	0.00556690888635585
SMIM5	-1.19650797694413	0.316651028336589	-3.77863284774266	0.000157691720582421	0.005646723008235
C9orf139	-1.11456980803314	0.295077101161169	-3.77721552654256	0.000158591485337144	0.00566916791560609
INHBA-AS1	1.06115718394784	0.281256588153767	3.77291494188108	0.000161351307814685	0.00574803655575163
F3	1.33754763622226	0.354705779032047	3.77086508111676	0.000162682614571416	0.00576579389425552
MIR5690	-1.41053467852991	0.374721834249771	-3.76421801348709	0.000167071078927401	0.00588118514956471
CD244	1.37446322651689	0.365768729347285	3.75773847307731	0.000171455939511721	0.00596477120220927
GZMM	-1.69175404417838	0.450815088408774	-3.75265621687532	0.000174970729491573	0.00605661180135079
MDGA1	-1.58875480901946	0.423665723363944	-3.75001970044828	0.000176820678328757	0.00608090163158854
LINC01257	1.99188918723284	0.531172262203551	3.74998720559984	0.000176843593118565	0.00608090163158854
CLEC18A	-1.63117963397855	0.435373670017659	-3.74661984936384	0.000179233389966733	0.0061427364294044
DLX6-AS1	1.16460519167207	0.310896957346307	3.74595236187795	0.000179710694641478	0.00614894796871311
OLFM4	1.32068913609733	0.352618665188448	3.74537500841461	0.000180124510278425	0.00615297031903389
LOC101929754	-1.39503054220266	0.373387972523932	-3.73614214933836	0.000186865059870636	0.00625856525667273
NPY2R	1.37998617749365	0.369381794671368	3.73593446510108	0.000187019374207315	0.00625856525667273
MIR3619	-1.03311843737163	0.27647611518081	-3.73673666781663	0.000186423979904589	0.00625856525667273
RAD21L1	1.80533729534674	0.48393477040427	3.73053850592012	0.00019107093693964	0.00630652338780857
MIR1250	-1.02079309298784	0.273908402721348	-3.72676808322056	0.00019395076615071	0.00636417459338831
SELE	2.35054173273683	0.631467119296333	3.72235016029992	0.00019737704136308	0.00638523952035794
PRSS35	1.21597424336539	0.326657124816162	3.722478865415	0.000197276426208281	0.00638523952035794
SFTPA1	1.33365972070517	0.359022916123269	3.71469246338376	0.000203450973351404	0.0064907423433722
LOC100505912	-1.48214895304423	0.399734391170092	-3.70783446654596	0.000209039222896539	0.00659902614774111
LINC01336	1.03320277680588	0.278742390333968	3.70665823582833	0.000210012041081492	0.00659902614774111
TGFBR3L	1.02297026007235	0.275982748073495	3.70664567699692	0.000210022450944045	0.00659902614774111
LOC339529	1.02925906416288	0.278566650420235	3.69483950289877	0.000220025724766009	0.00677999150988909
LOC101927043	-1.21150698062775	0.328096425558291	-3.6925333111028	0.00022203124738069	0.00681147263936419
ANO3	1.10549223190799	0.299476313109968	3.69141793027901	0.000223007355892887	0.00683132710109052
PRKCG	1.03571635052903	0.280649786783199	3.69042272363855	0.000223881695102229	0.00684801019967333
LOC101929151	-1.76893898315072	0.479882331986432	-3.6861931878766	0.000227633577814317	0.00694041621950566
LINC01107	1.67587327555041	0.455049759107755	3.68283521089299	0.000230654270274305	0.00699337013040445
SGCA	-1.06556381689697	0.289415986405451	-3.68177248994184	0.000231618058441751	0.00701235489180281
ABCA8	-1.66406628397642	0.453651319986262	-3.66816145057577	0.000244300906324243	0.00727953771889733
SNORA104	-1.36762300071978	0.372789659954074	-3.66861838627246	0.000243864765836324	0.00727953771889733
FAAHP1	-1.30301444818034	0.35601613904208	-3.65998702105561	0.000252228023608152	0.00738860905827602
RAB3A	1.00204591921105	0.274305878362807	3.65302386223639	0.000259170136079044	0.00752825812059535
LOC100506136	-1.14083899179527	0.312394265301803	-3.65192040479077	0.000260286566634854	0.00753959791135187
SNX10	1.02744522479328	0.281473658633702	3.65023579748311	0.000261999679695754	0.00757865090195143
NGFR	-1.54303610225891	0.422820996765765	-3.64938381504674	0.000262870098430417	0.00758358222341262
CCR6	1.18361660429342	0.324476815564626	3.64776941684968	0.000264526871631688	0.00759883623363558
SYT10	1.197349787287	0.328241084147427	3.64777550743533	0.000264520602823834	0.00759883623363558
DHH	-1.09373123991839	0.299832106493813	-3.64781227970647	0.000264482757484336	0.00759883623363558
ANKRD40	-1.03638850314106	0.284512824580474	-3.64267763560133	0.000269816656841439	0.00765205680881675
MIR340	-1.35533417565071	0.372389934756314	-3.63955641426672	0.000273108101867352	0.0076963123035048
C11orf87	1.03012807363746	0.283348482756469	3.63555175456092	0.000277386295409527	0.00775374962228864
SMTN	-1.13744504780211	0.312920423328599	-3.63493387776635	0.000278051941431338	0.00776190963923045
MND1	-1.03004692895384	0.283549092813481	-3.63269343849182	0.000280478168924937	0.00780864757426545
IL33	1.13178644467596	0.311609516679677	3.63206636541655	0.000281160786874087	0.00781717320292894
LRRC46	-1.18817620963504	0.327178588299154	-3.63158303179864	0.000281687995244303	0.00782136092677663
LGALS2	-1.33722806343734	0.368951119925446	-3.62440440269581	0.000289628122219308	0.00795672813541377
DOCK5	-1.1910875788723	0.328736479193138	-3.62322910373606	0.00029094789982679	0.00797189568799815
PRR34-AS1	-1.03256799207362	0.28505889466466	-3.62229704597824	0.000291998537957	0.00797962846688018
CXCR2	-1.60523377251855	0.444752420704009	-3.60927495341698	0.000307054022990292	0.00825961728791236
DLX6	1.1795434457176	0.326813580856972	3.60922408005382	0.000307114240451291	0.00825961728791236
PART1	1.25050547630154	0.346581018855985	3.60811876088681	0.000308425310926378	0.00826540036468381
LOC101927139	-1.08052977080436	0.301042733932675	-3.58929031997833	0.000331579409281435	0.0085838897491375
THRSP	-1.21471576370013	0.338293332549446	-3.5907174242714	0.000329769008122324	0.0085838897491375
SNORD114-21	1.41243519537206	0.393300344824539	3.59123813126119	0.00032911075414249	0.0085838897491375
CLCA4	-1.49904888940525	0.417963400644863	-3.58655539478437	0.00033507490952124	0.00862350518431424
CLMN	-1.1141010122012	0.310585877874306	-3.58709487960709	0.000334382677327105	0.00862350518431424
ADORA2A	-1.59755558186831	0.446155740333218	-3.58071282614263	0.000342658104311622	0.00874283313077161
CHRNA7	1.07344391106891	0.300669301215674	3.57018128132381	0.000356734264334748	0.00900482169003636
TCP11	1.77612791246952	0.498659713093291	3.5618035021354	0.000368316009744561	0.00914388046747101
HILS1	-1.07295015254554	0.30161935865659	-3.5572987003369	0.000374688024242359	0.00925314574969031
BGLAP	-1.25677970685118	0.353662594607486	-3.55361218860598	0.000379979088931604	0.00930635105898643
BOK-AS1	-1.46232797210739	0.412657422225481	-3.54368513286634	0.000394576173200589	0.00955122673799886
GADD45A	1.2701549860138	0.358953776488007	3.53849177585192	0.000402419816907341	0.00960630778719277
OVCH2	-1.21640843650905	0.34364180268172	-3.53975688352351	0.000400495787918913	0.00960630778719277
RDH12	1.02843050774739	0.290834632132478	3.53613495135247	0.000406027222481917	0.00962646048370655
SH2D3A	-1.4168260744279	0.400661745646981	-3.53621499886404	0.000405904206097259	0.00962646048370655
LOC100506274	1.64214564120799	0.464632531937221	3.53428898824904	0.000408873764332225	0.00964641316595323
IRX2	-2.73979391130974	0.775380182342047	-3.53348457144488	0.000410120026266874	0.00964641316595323
GMNC	-1.65299985082554	0.468114824517387	-3.53118458175244	0.000413702943424068	0.00969480915626418
MUC3A	1.2683248276587	0.35915191608412	3.5314438566482	0.000413297588607628	0.00969480915626418
KCNV1	1.20480447065211	0.341965020200145	3.52318044093211	0.000426400952851325	0.00984136209944694
MIR2467	-1.07323979045607	0.305129926156697	-3.51732065082635	0.000435926830488202	0.00998209960574362
LMNTD2	-1.3383958696855	0.380601690306384	-3.51652634177241	0.000437233270812628	0.00998998658031625
FAM21EP	1.09494522360213	0.311522581142587	3.51481815406812	0.00044005520523884	0.00999259767731378
SALRNA2	-1.6086857480743	0.457651283284882	-3.51509065270755	0.000439603899350759	0.00999259767731378
FOXD2	-1.32916090519568	0.37868893599144	-3.50990160754451	0.000448272538504641	0.0101006571217427
C11orf94	-1.0086259117916	0.287472834539406	-3.5085955631517	0.000450479363734956	0.0101006571217427
LINC00323	-1.47303009913621	0.420076715138348	-3.50657402815361	0.000453915155589741	0.0101260621551486
BMP7-AS1	-1.38831195293106	0.396036694130137	-3.50551343728483	0.00045572749645229	0.010155584092079
PRTN3	1.56753370013161	0.447596239950407	3.50211543400206	0.00046157959042468	0.0102065950192814
GABRG2	1.04806041459211	0.29946817916574	3.49973882871898	0.000465714205785377	0.0102239079793127
SLC16A6	1.08007154561641	0.308584169831987	3.50008733826001	0.000465105744191418	0.0102239079793127
LOC108783645	-1.3321814250856	0.381283770121289	-3.49393687715011	0.000475953539269806	0.0103617180891977
FOXD1	-1.01921897410833	0.291981435541081	-3.4906978665256	0.000481760727081367	0.0104225922299509
SPDEF	1.1351081014648	0.32537738232196	3.48858944455338	0.000485576332561858	0.01043989115008
LINC00484	-1.30202600943902	0.373508027269287	-3.48593849229457	0.000490413750623761	0.0105176025493058
SLC30A3	1.35860593894519	0.390226389488926	3.48158396136289	0.000498457485231967	0.0105745286116269
PIK3C2G	1.65159549826129	0.474372033103178	3.48164601411496	0.000498342001770407	0.0105745286116269
LOC101928766	-1.31895855023864	0.379047818989632	-3.47966268149064	0.000502045459767676	0.0106181080997096
CPAMD8	-1.33152650642461	0.382775399189561	-3.4786104573173	0.000504020670294383	0.0106382167696586
NLRP14	1.05342104009091	0.30320903426914	3.47424027991149	0.000512302050786808	0.0107692320777239
LINC01476	1.25680420345736	0.361917340898341	3.47262775621018	0.000515389649441195	0.0108231826382651
RND1	1.08887248926771	0.313973034980379	3.46804460241549	0.000524260266452233	0.0109540859898858
FMO3	-1.05354487814013	0.303891080713725	-3.46685027959938	0.00052659511738117	0.0109651448719022
LOC100288866	-2.04426242285099	0.589800450564287	-3.46602384059754	0.000528216439803971	0.0109705272382887
LOC101927406	1.18418426883769	0.341691080440815	3.46565753870417	0.000528936544047014	0.0109745085747377
TP73	-1.13242161398623	0.327600064757189	-3.45671975011837	0.000546793180925119	0.0111998132125642
LINC01119	1.13227522153845	0.327709887781262	3.45511461129369	0.000550058944392376	0.0112332096520012
C1QL3	1.25213886821317	0.362795474199396	3.45136297793226	0.000557762889544559	0.0113659907909671
FIBCD1	-1.52573649181132	0.443226712796165	-3.44233875748591	0.000576707557502819	0.0116741123409123
CLDN9	-1.19322631586099	0.346842627191426	-3.44025278992721	0.000581171089568496	0.0116994645167585
LOC105377448	-1.67588469790239	0.487970146836733	-3.43440005247517	0.000593867031277002	0.0118255267234823
UHRF1	-1.04082468980199	0.303120535776671	-3.43369903043732	0.000595404903928109	0.0118334588035243
LINC01296	1.43660806505827	0.418651696722438	3.43151138835757	0.000600227927857509	0.0118838263428719
ROR1-AS1	-1.26841580794122	0.369863134736484	-3.42941939548783	0.000604874067196986	0.0119416630243481
TSG1	1.02540983547392	0.299129182112356	3.42798328211511	0.00060808290505363	0.0119762240495664
GRP	1.6537241007143	0.482436017835391	3.42786201605402	0.000608354584827989	0.0119762240495664
NEFL	1.07638702623927	0.314097411398998	3.42692103524514	0.000610466563893833	0.0119866266387295
FFAR4	1.16087079884348	0.338711495135706	3.42731444168545	0.000609582756396531	0.0119866266387295
CHGB	1.01345859394566	0.295936944158281	3.42457612660761	0.000615759304351826	0.0120523962204347
HPN-AS1	-1.40397348528608	0.410403887040212	-3.42095562352341	0.000624015134626075	0.012142247612162
FERMT1	-1.08598475426801	0.317576245344327	-3.41960322973951	0.000627125329109183	0.0121591236877663
NEK2	1.46475935382272	0.429612199094124	3.40949199513257	0.000650839878935146	0.0123917336254808
LOC101929473	1.31742262578196	0.386664201867845	3.40714919927403	0.000656452325516074	0.0124589705597904
ANLN	-1.50471367849649	0.44176334829775	-3.40615328160342	0.000658851770233367	0.0124659251775392
GSN-AS1	-1.06484143891694	0.312733148414655	-3.40495225502947	0.000661756227088274	0.0124945591639967
HPN	-1.03737968214321	0.304876029586904	-3.40262789288099	0.000667411105069531	0.0125556714141205
FHL5	-1.16365093259505	0.342264438237427	-3.39985929764585	0.000674205366582578	0.0125948696005175
CACNG1	1.49563567806215	0.439947458238905	3.39957794971502	0.000674899394851138	0.0125948696005175
FAM86B3P	1.18136161256321	0.347795321379205	3.39671507908284	0.000681999378638774	0.0126045641317877
TMEM215	1.40363473290585	0.41355720752192	3.39405215862777	0.000688665748836367	0.0126462413241225
MIR1914	-1.15010290531251	0.339444671497323	-3.38818959873281	0.000703556121973696	0.0128628143461899
LOC149684	-1.25235051316475	0.370022881459072	-3.38452181180388	0.000713023535772877	0.0129221516705645
VGLL3	-1.02785726880141	0.303875048873324	-3.38249972352911	0.000718293501850836	0.0129682979060482
SOX8	-1.01618593529564	0.300541397642931	-3.38118456647013	0.000721740461655973	0.0129825077023407
ZNF90	-1.02782357365186	0.304346633938563	-3.37714782762915	0.000732416758704588	0.0130638236204859
TMC6	-1.15520861355454	0.342212455971352	-3.37570592010026	0.000736265716926034	0.0130896786245016
HIPK2	-1.10172083622309	0.327149372542806	-3.36763854278503	0.000758149232976105	0.0132711440984369
LINC00567	1.45589515763698	0.432334694351149	3.36751867629313	0.000758478888961656	0.0132711440984369
MAGI1-AS1	-1.08181396755854	0.321985624299295	-3.35982070601066	0.000779930702565504	0.013566483049902
TINAG	1.04180230930111	0.31036588179925	3.35669082974451	0.000788812648701251	0.0136523749173969
LOC100505635	-1.30181756491682	0.388863366562874	-3.34775059019691	0.000814702953317806	0.0138935019191978
NSF	1.00188553385278	0.299294112799555	3.34749495899296	0.000815454708435749	0.0138935019191978
LOC101927410	-1.89350664154212	0.565611593596257	-3.34771539865878	0.000814806405705605	0.0138935019191978
LOC100507616	-2.26721286561016	0.67857358063382	-3.34114520564222	0.00083433575514228	0.0140743967219486
C10orf128	-1.10385637044738	0.33067701695132	-3.33817082488646	0.000843318861190605	0.0141135289509006
DKFZP434K028	-1.40502061821679	0.420852827505833	-3.33850820616695	0.000842295423728832	0.0141135289509006
SLC26A5	-1.09480829515389	0.328594434012897	-3.33179196550517	0.000862887337799901	0.0143112336498931
INHA	1.07969375829109	0.325366252769618	3.31839503667147	0.000905363423204071	0.0146609873275784
ALG1L	1.16694278365868	0.352273958812798	3.31260019216694	0.000924330114209473	0.0148000936642177
KRT19	-1.24047323136296	0.375595766065035	-3.30268161528789	0.000957650518472889	0.0151438380149741
TFCP2L1	-1.10841250434479	0.336639148740915	-3.29258349330561	0.000992714173090649	0.0154903686408112
ELMO1-AS1	-1.08017021865471	0.328259862452961	-3.29059486768505	0.000999757845177751	0.0155598992854659
C5orf38	-2.58843383253114	0.786853170279837	-3.28960208879961	0.0010032915364774	0.0155735141413296
ANKRD22	2.03137034882135	0.618207967339922	3.28590127617104	0.00101656632167751	0.0156857844984548
SHISA2	-1.17067741745373	0.356757880391153	-3.28143394105321	0.00103280713864416	0.0158305324446499
FAM19A4	-1.02602195695092	0.313038002469082	-3.27762747288888	0.00104683451332832	0.0159882092561653
ACP7	-1.42901112492925	0.436613361705869	-3.2729440971436	0.00106433525904973	0.0161587565754414
C10orf90	-1.1909176409102	0.364968111466323	-3.26307313843252	0.00110211073259661	0.0165230311562857
LOC100128554	1.04145962959492	0.319168017194025	3.26304508437577	0.00110221983858622	0.0165230311562857
C7orf61	-1.13580598585945	0.349268619977895	-3.25195543169992	0.00114613992181772	0.0169599374034845
CLCN1	-1.08816073878312	0.33477749019873	-3.25039995412226	0.00115242808696127	0.0170233136117344
LOC441052	1.02050737728799	0.314501969884179	3.2448362013879	0.0011751820079892	0.0172166014736585
KRT81	1.49880461361994	0.46207359929698	3.24364909810967	0.00118009029704539	0.0172600671685462
LOC642943	1.65983607443533	0.511777943996794	3.24327395094956	0.00118164534401167	0.0172706489442494
LOC400997	1.15521682901391	0.356580838692409	3.23970528884873	0.00119653299768862	0.017402695044598
SGK1	-1.01444891439694	0.313832181428837	-3.23245662627168	0.00122730765883913	0.0176645549316909
TPTEP1	-1.1078093002314	0.343399406012743	-3.22600820162831	0.00125529759797416	0.0179430666292673
DEPDC1	1.256961033861	0.389840264640067	3.22429761077022	0.00126282084838677	0.0179810441212766
VIP	1.08973014643063	0.337984680059013	3.22419982538961	0.00126325216788706	0.0179810441212766
LINCR-0003	1.1299582192324	0.350887543174161	3.22028593266861	0.00128062795668689	0.0181551959265734
PROK2	-1.43118018097087	0.444503302979088	-3.21972901298823	0.00128311826303689	0.0181657008895795
IL16	-1.14306123924727	0.355074309925194	-3.21921695627059	0.00128541190514831	0.0181811256723684
LOC388780	1.22104320448688	0.379347974682427	3.21879457906446	0.00128730669591484	0.0181878046037112
IRX1	-2.46538858686996	0.767905884643646	-3.21053482747309	0.00132488212653016	0.018592214112098
LOC105376360	1.10014758589265	0.343136167514367	3.20615455334241	0.00134521715296036	0.0187112764886651
LOC100507472	-1.1151790310187	0.347779916702152	-3.20656535200038	0.00134329789266156	0.0187112764886651
ADAMTS2	-1.08957649643089	0.340118265701858	-3.20352244000325	0.00135757459878541	0.0188095175731649
SLC45A3	-1.39566466062039	0.437403278720177	-3.19079606514163	0.0014188138972255	0.0193100133961334
PTER	1.07017871195726	0.335777340665973	3.18716775180451	0.00143673419536573	0.0194923120763902
LOC284933	-1.39932360854482	0.439053518022835	-3.18713676375107	0.00143688814044746	0.0194923120763902
MROH5	1.44076471055309	0.452340616072698	3.18513230817534	0.00144687840734069	0.0195686450327529
LINC01108	-1.21912677857917	0.382919761328249	-3.18376563891699	0.00145372659188104	0.0195862531392964
IFNL2	2.70254516926207	0.849083085327819	3.18289837115134	0.00145808782733027	0.0195879858252409
SPINT1	-1.14436635375306	0.359753592893517	-3.18097268896986	0.00146781466429288	0.0196677695243219
CHADL	-1.20175751340827	0.378023969638915	-3.17905109180292	0.00147758044211128	0.0197096134888948
CCDC189	1.62060867787045	0.511750739553481	3.16679303538376	0.00154129970211938	0.0203246054052808
ASB9P1	-1.00054686982022	0.316086465680829	-3.16542142247409	0.00154858482636783	0.0203689412658856
H1FNT	1.48777047418775	0.470177924627907	3.16427121789088	0.00155471840355019	0.0204341853283708
MUC16	1.85759420647742	0.587153568801558	3.16372803501641	0.00155762274883223	0.0204489676804656
CTD-2201E9.1	-1.02601457275274	0.32466283092904	-3.16024649269749	0.00157635716245248	0.0206037519867687
CDR1	-1.05580556644367	0.334382448900476	-3.15747901815837	0.00159139688729521	0.0207094780511199
MIR3612	-1.39971052156733	0.443283771225218	-3.15759477884469	0.0015907651527328	0.0207094780511199
DLX5	1.02813263509457	0.325718605747765	3.15650569832893	0.0015967176750092	0.0207523337874006
PNOC	1.01627879047915	0.323115227577112	3.14525192173622	0.00165943866563478	0.0211440991696741
IGF2	-1.23232710074139	0.391901906289592	-3.14447845484777	0.0016638316253923	0.0211740925415273
ENPP6	-1.04219372901733	0.332571576431637	-3.13374263729829	0.00172592159909755	0.0216328700613501
AZGP1	-1.21152663755127	0.386670989924427	-3.13322351332344	0.0017289772522937	0.0216580992478214
RPLP0P2	1.16045057916401	0.370480852302324	3.1322822001528	0.0017345306760606	0.0217014865127124
KIF2B	1.608069780566	0.513616061305654	3.13087907819345	0.00174283906503219	0.0217269054871871
ZFPM2-AS1	-1.00753723212263	0.323394176594074	-3.11550827146555	0.00183628198625402	0.0225733743662193
LOC100507144	-2.40731248428604	0.772939011019855	-3.11449215263402	0.00184261858052389	0.0225733743662193
PCDH8	1.62115813196769	0.520373919978716	3.11537160054832	0.00183713310947017	0.0225733743662193
SLED1	-1.01086582706271	0.324944650572924	-3.11088619332679	0.00186526812023755	0.0227345971767686
LCN10	-1.66376018503538	0.53485788644754	-3.11065841449186	0.00186670738390198	0.022738795106311
LMNTD1	-1.18158731086918	0.380145751780122	-3.10824810046178	0.00188200004866954	0.0228580462051565
SELENOP	-1.07198779272579	0.345156363198011	-3.10580336052157	0.00189762861460938	0.0229806697940654
LINC01470	-1.41117816040843	0.454419456285227	-3.10545277252097	0.00189987957641588	0.0229828404396179
SFRP1	-1.24756178699887	0.402060347481055	-3.10292172509664	0.00191620314864934	0.0230600365892441
CLDN7	-1.02605848344888	0.331349879024012	-3.09660135223567	0.0019575293064365	0.0234598535287823
MYBPC2	1.5166226693963	0.489883533831912	3.09588415338875	0.00196227008972685	0.0234895605150069
CBX3P2	1.10012158514378	0.355707697587154	3.09276856420637	0.00198298715697031	0.0236557497203425
LINC01361	1.44033472061792	0.466068728998037	3.09039124704715	0.0019989299263017	0.0237368642877987
TESPA1	1.2738926245436	0.41248836155288	3.08831167926248	0.00201297229802866	0.0238218926824828
G0S2	-1.12526796931015	0.364496231651744	-3.08718683924634	0.00202060550028364	0.0238905734039948
HECTD2-AS1	1.51374537702118	0.490413920737162	3.08666885871797	0.00202412945769195	0.0239130515965893
ADORA2A-AS1	-1.18375852981631	0.383815401292947	-3.08418715306529	0.00204109151980593	0.0240495000563184
LINC00390	1.24344980932939	0.403517850831466	3.08152367179596	0.00205944100846359	0.0241516263719821
LINC01378	1.4527682736198	0.471697301318874	3.07987404116545	0.00207088155283187	0.0242159593936058
LOC101929719	1.82636821368802	0.593167865254203	3.07900734458251	0.00207691561459129	0.0242388834203059
RAB27B	1.02283634444269	0.332575439563071	3.07550174416506	0.00210148699350133	0.0243885565026593
RASL11B	1.00560218862443	0.327157520240867	3.07375538206814	0.00211382678870794	0.0244852585469466
SLC30A8	1.61891159738402	0.52793147641034	3.06651842089768	0.00216567463552605	0.0248231333162872
ZNF341-AS1	-1.19661156052774	0.390848203188943	-3.06157620980357	0.00220174935429904	0.0251391601646161
LMX1B	1.12262847477911	0.366958198027102	3.05928163157209	0.00221868468852532	0.0252769403708076
IP6K3	-1.60707586822876	0.525446692486308	-3.05849459366545	0.00222452093015756	0.0253156576429822
LCN2	2.57197844301691	0.84220220469453	3.05387284512011	0.00225907809803234	0.0255688245329884
RNASE2	1.22966994504366	0.402775442295628	3.05299135924258	0.00226572462259748	0.0256001456986555
TAC3	1.01411834641953	0.332693541009544	3.04820569507372	0.0023021228830325	0.0257369803284121
C17orf102	1.0977931175653	0.360691123286494	3.0435822971261	0.00233779488427775	0.0259504125932285
LOC101927844	1.61379763730088	0.530412018625173	3.0425359543772	0.00234593790224967	0.0259825876894186
TPH1	1.24458904589568	0.409205768795077	3.04147482954705	0.00235422247778973	0.0260217384998482
EGR3	1.02087899927765	0.335992328608098	3.03839972628782	0.00237838242837028	0.0262144978889101
TPO	1.17144624279507	0.385604456054963	3.03794788779127	0.00238195142137309	0.0262278831087328
LCN15	1.17794752592943	0.387832341383582	3.03725966155153	0.00238739702214271	0.0262383046222461
SPTBN5	-1.05255696005736	0.346784209161662	-3.0351928728297	0.00240381909731687	0.0262928547709074
TSPAN10	-1.21015197750873	0.398654139768003	-3.03559365572618	0.0024006265394223	0.0262928547709074
VNN1	-1.88859829650767	0.62268775131125	-3.03297807373065	0.00242153194037701	0.0264004183042992
MIR4534	-1.33734279409835	0.441765613872098	-3.02726774584485	0.00246775270109121	0.0267219790661957
PKHD1L1	-1.64141665668782	0.542628301770365	-3.02493742278568	0.0024868457484591	0.0268308048570115
LENEP	-1.11749094600858	0.369589906092285	-3.02359703982161	0.00249788904681338	0.0269080174342672
SLC5A11	-1.68442157066143	0.558787718381013	-3.01442124666187	0.0025747004514606	0.027323664876462
MIR3139	-1.08169477054589	0.359136608349836	-3.01193124119557	0.00259591390074626	0.0274374228013227
DLX4	1.7453597066695	0.579638675585315	3.01111671837123	0.0026028877893858	0.0274971396224586
IQGAP3	1.10150051933378	0.365988688734978	3.00965727422085	0.00261542630746159	0.0275440749840612
LRP2	-1.63622653758357	0.543805401702592	-3.00884568719018	0.00262242276013202	0.0275440749840612
RTKN	-1.01274775245365	0.336641263436318	-3.00838863933633	0.0026263703617072	0.0275440749840612
POU2AF1	-1.44675443565757	0.480901208334334	-3.00842337383305	0.00262607016321056	0.0275440749840612
TPH2	1.07269095086093	0.356610525788969	3.00801819712892	0.00262957392025398	0.0275440749840612
KLHDC7B	1.73202965078664	0.575655759094607	3.00879409859598	0.00262286806803458	0.0275440749840612
LOC101059915	1.24811137365091	0.415372768241456	3.00479826574809	0.00265757049636487	0.0276805825672026
LINC01512	1.82490101190689	0.607633148886891	3.00329403563628	0.00267074257400488	0.0277430976808241
HAPLN2	-1.05734676407481	0.352154252984682	-3.00251027813317	0.00267762931408986	0.027761687601407
OR2D3	1.33996227907537	0.446299159081455	3.00238584771972	0.00267872415394192	0.027761687601407
CR1	-1.08148574479322	0.360610979685507	-2.99903720551271	0.002708342316867	0.0279709406161167
TNN	1.08828062480422	0.363019689066645	2.99785564689971	0.00271886421194026	0.027996078739607
LINC00926	-1.06606331274065	0.355664178991406	-2.99738735501507	0.00272304472163423	0.0280252308343019
ADGRG5	1.03762471848492	0.3464131069121	2.9953390844077	0.00274139903999322	0.0281056426337747
LAMA5-AS1	-1.40470222590275	0.469020638488235	-2.99496890036745	0.00274472825073649	0.0281056426337747
NKX6-2	-1.18650329560524	0.396620216963294	-2.99153508787235	0.00277578636941024	0.028303652531329
LOC340090	-2.15800146948626	0.721809540884637	-2.98971036991483	0.00279242086033569	0.0284432510290888
LRRC63	-1.20284072369639	0.40254700029795	-2.98807523793767	0.00280740433994133	0.0285119226367201
MIR657	-1.25370353188821	0.4197525464234	-2.98676813892063	0.00281943466450351	0.0285782520971563
F2	-1.41614858495128	0.474469992498287	-2.98469578127512	0.00283860481853726	0.0287304987700782
ZIC3	-1.25900251442239	0.42197440347541	-2.98359925164456	0.00284879624102308	0.0287957792756651
GRK7	-1.54752019074519	0.519701727484933	-2.9777083832958	0.00290412153231717	0.0292317119436433
SCUBE1	-1.17640062504325	0.395877754618617	-2.97162599140379	0.0029622730285358	0.0296070493405486
GPA33	1.88502531518581	0.634566791852448	2.97057037870354	0.00297247288281703	0.0296311697171718
CCKAR	1.06198743046097	0.358580071333858	2.96164654803752	0.00305998833665997	0.0301198567602326
LOC100129940	-1.295534164639	0.438150784880062	-2.95682264952152	0.00310826842200915	0.0304507673852397
C4orf26	-1.41359999700608	0.479025039135297	-2.95099395964313	0.00316753111476785	0.030813327270545
SLN	1.89089031194003	0.641149194163592	2.94922044533923	0.00318576645976051	0.030889441457874
GDNF	-1.19026437348586	0.403687756563753	-2.94847776315428	0.00319343113016958	0.0309204527470826
LGR5	-1.12169709420089	0.38055516658404	-2.94752822375143	0.00320325509841923	0.0309434442507297
MIR4296	-1.35074886906923	0.458363762767504	-2.94689279299414	0.00320984466128395	0.0309926842260374
ZBTB46-AS1	-1.07518144193429	0.365070358616153	-2.94513486663204	0.00322813917253921	0.0310970419640384
PTPRQ	1.0358841762745	0.352167540500119	2.94145273810138	0.00326676688822683	0.0313383286381446
LOC105371789	-1.07037105106998	0.364766020498868	-2.93440449745319	0.00334188378120142	0.0317364354146192
RAB3C	1.00134449718396	0.341510493155651	2.93210462709728	0.00336673302180816	0.0318124104321809
SFTPA2	1.13607683850519	0.38844621996893	2.92466956840528	0.00344822155813621	0.0323761815284498
PTF1A	1.84567788089686	0.631334519002511	2.92345472224927	0.00346170567041249	0.0324678176566882
DNAJC5G	1.04427623945123	0.357428370089715	2.92163780728741	0.00348196198579551	0.0326045394422845
MIR4300HG	-1.14355476862095	0.391951520743488	-2.91759237584218	0.00352745146722069	0.0329117877460497
MIR4311	-1.89600995038396	0.650514242725838	-2.91463249511517	0.00356107612868474	0.0331213569711838
LOC100506271	1.014688414087	0.348343606904869	2.91289518157887	0.00358094779653038	0.0332102861897416
C16orf90	-1.07181185608957	0.368303021234983	-2.91013593235158	0.00361271592388203	0.0333686771822274
PRKXP1	-1.05895101965328	0.364312050766564	-2.90671422321907	0.00365246710368046	0.0335952565439945
GDF2	1.35606191572391	0.466667102548163	2.90584424811465	0.00366263712168054	0.03364410012392
CA9	1.46248572835999	0.503674957473991	2.90363002301044	0.00368863770659655	0.0338081714599752
LINC01088	-1.08554969908895	0.374158421125816	-2.90131034822793	0.00371605642675568	0.033967683201381
PRIMA1	-1.12651171142184	0.388917771871309	-2.89652927404561	0.00377315437525789	0.034295248673843
ST18	-1.22403571148767	0.422916911673972	-2.89426995634376	0.00380041269801384	0.0344525409537536
OR7C1	-1.51987086657573	0.526746113526278	-2.88539550183109	0.0039092221622284	0.0351149270444681
LOC100287072	1.82440824787446	0.633002841970979	2.8821485890866	0.00394973428087135	0.0353738815348931
OR14I1	1.00970601121295	0.350442594265314	2.88123084275687	0.00396125402123827	0.0354007249428131
CD22	-1.25109532986927	0.434194635727574	-2.8814159064237	0.00395892861122295	0.0354007249428131
LINC00514	-1.3271166270465	0.460888496406567	-2.87947440084467	0.00398338634986215	0.0355068459657884
SNRPD2P2	-1.42836686465777	0.49680671625979	-2.87509572215777	0.00403905026465947	0.0358338466239694
LINC00937	1.1193081927263	0.389402881764493	2.8744219551083	0.00404767793070473	0.0358611675318921
KANK4	-1.0186972676898	0.354758535172641	-2.87152292810675	0.0040849914722701	0.0361180025064187
FAM95A	1.18697826683477	0.413781598808589	2.86861056715055	0.00412279071215407	0.0363439050512427
ARL5C	1.39670565758432	0.486991944151046	2.86802620527767	0.00413041320913735	0.0363956520749146
PIEZO2	-1.42676228536553	0.49854336247013	-2.86186196180881	0.00421160291405918	0.0368298024935137
MCCD1	-1.23270227994666	0.430763178086706	-2.86167050169395	0.00421414767111282	0.0368308596599869
FOXR1	-1.68710360404861	0.589950096828997	-2.85973951545537	0.00423989109846854	0.0369992849681064
PCSK6-AS1	-1.27651645365378	0.446753280978845	-2.85731858724553	0.00427236778626142	0.0371733584218113
LOC100130331	1.64201223856179	0.574925524301206	2.85604338154507	0.0042895651961998	0.0372605518861872
ADAM29	1.42191916713372	0.499757657677828	2.84521736743525	0.00443811256830574	0.0381519701701747
DUSP4	1.06253282291409	0.373867501656156	2.84200369972593	0.00448309713262227	0.0383008820845051
PCSK6	-1.16918119272633	0.411437587952294	-2.84169756717001	0.00448740382147412	0.0383219119935017
C1orf195	-1.15949737278437	0.408082555313351	-2.84133040652532	0.00449257400039062	0.0383502956901409
MIR6758	-1.19390355991321	0.420363557490017	-2.84016903616001	0.004508963411976	0.0384270254835164
FAM163A	1.14116305034539	0.40213022959467	2.83779474001651	0.00454263847308885	0.0386031335710239
CT55	1.23477633203435	0.435244435954388	2.83697212424274	0.00455435881206743	0.0386625111069056
LINC00664	1.10789305679409	0.390764722351688	2.8351921077384	0.00457981367005139	0.038807894783067
TMEM235	-1.29226514937344	0.455828582876916	-2.83498051222993	0.00458284811323054	0.0388084336648282
LOC101929613	-1.32766309252511	0.468360310023653	-2.8347045300616	0.00458680864723572	0.0388113103623974
MIR6871	-1.32635210018212	0.468513585795201	-2.83097895214911	0.00464057747061538	0.0390994537473472
LINC00320	-1.02135591785407	0.361028975177464	-2.82901370271464	0.00466916997570079	0.03921309794797
GFRA3	-1.84068419326509	0.651389576146181	-2.82578085476151	0.00471655199202045	0.0395501618461229
MIR4479	-1.48524851864623	0.526577671005196	-2.82056874119065	0.00479386013522359	0.0399562000890378
LINC01219	1.61257765889308	0.57209498607628	2.81872363530567	0.00482150110999269	0.0400711310738048
MEIS1-AS2	-1.09364678352495	0.388186964623932	-2.81731970207824	0.00484262953265105	0.040182410213196
LDHAL6B	-1.04880970595032	0.372428559991864	-2.81613661952573	0.00486049927533438	0.0402182109360238
KCNJ15	-1.23454106710189	0.438605456684956	-2.81469609710908	0.00488233802123335	0.0403346373758932
LOC101928738	-1.29144091763437	0.45948105565941	-2.81065106325438	0.00494413733274085	0.0406511434139726
ASB2	1.2248636433153	0.436104194479563	2.80864907703313	0.00497498429007341	0.0407595458463647
LOC102723895	1.6570579290951	0.59058612849398	2.80578538700302	0.00501941109478636	0.0409941600580487
LINC01117	1.00768685690672	0.359746914732971	2.80109937191454	0.00509288337350048	0.0413182748514011
FCGR3B	-1.61319687529221	0.577090689322677	-2.79539577598383	0.00518362128727735	0.041711983926952
ELANE	1.52189111076041	0.544655446625603	2.79422728660705	0.00520238998279095	0.0417497826710144
FAM95C	-1.00263937038717	0.359047719102271	-2.79249614200049	0.00523030913058696	0.0418929002441807
CALHM3	1.59923301838407	0.572852031223078	2.79170349622327	0.00524313769860208	0.0419471212874679
CHRM5	-1.70616030035833	0.611263996441571	-2.79120038197999	0.00525129508662872	0.0419800414373333
FERD3L	1.20839118596812	0.433416037246305	2.78806292827925	0.00530242429211883	0.0421454458947631
DHRS2	1.5252358371558	0.547810862200351	2.78423803250176	0.00536536430008306	0.0424507623422572
NFE2	-1.07161562447414	0.385004002706914	-2.78338826853682	0.00537943872964224	0.0425292830830532
C1orf94	1.23524351455277	0.444320320151921	2.7800743259512	0.00543464580371845	0.0427546055672078
JAML	-1.03604773955295	0.372909909448336	-2.77827891751558	0.00546476871392988	0.0428940972863227
SNORD128	-1.07744604872872	0.38842186453687	-2.77390679336086	0.00553875446079007	0.0433111413389115
LPO	1.19519508106512	0.431041575639723	2.77280696019007	0.00555750773920642	0.0433761286116415
MIR194-2HG	-1.37499388841416	0.49623429706548	-2.77085621962306	0.00559091084498417	0.0435549990020541
LINC00504	1.00578709808596	0.363300023935611	2.76847517704601	0.00563192757002205	0.0437269172716965
BAAT	1.10464219280346	0.399119898840168	2.76769511120223	0.00564542419246781	0.0437662616847196
LOC100507388	1.03344799786208	0.373680494610681	2.76559256575268	0.00568194765331642	0.0439019236650776
LOC440982	-1.30995355002246	0.473835676732257	-2.76457348897063	0.00569972667564794	0.0439738571049525
RASGRP3	-1.0562347425939	0.382431552517892	-2.76189225402493	0.00574674396778687	0.0441561692441604
LINC00609	-1.26735516427803	0.459607132557172	-2.75747497047465	0.0058249672563585	0.0445265899695656
LOC101927960	1.20678190953188	0.438065677253652	2.75479676266241	0.00587286034871304	0.0447416568858379
LINC01331	1.1796866158064	0.4282454527121	2.75469735483562	0.00587464482294188	0.0447416568858379
LOC101927168	1.48581708672407	0.539835084001862	2.75235369237125	0.00591685785076714	0.044873971982852
NMRK2	-1.31578455623289	0.478598764658369	-2.74924352797299	0.00597329884046382	0.0451289354738425
HOXD1	-1.4320177435281	0.521801263914541	-2.74437384989284	0.00606264508758249	0.0454441200359321
LOC100130698	1.53132192883139	0.558352045821985	2.74257422407585	0.00609596711542628	0.0455812272992972
CLEC18B	-1.27768092303347	0.46587693738514	-2.74252881073014	0.00609681012265624	0.0455812272992972
CEL	-1.0445321702313	0.381256762602325	-2.73970791521621	0.0061493806443611	0.0458751747854654
ANXA2P3	1.02360553971179	0.374472776072218	2.73345782421948	0.00626731493491403	0.0463718788326432
LOC101929284	-1.2031555177118	0.440325397135007	-2.7324236247561	0.00628702460484899	0.0464680476932771
DIO3OS	-1.34743409312801	0.493702154741434	-2.72924491049406	0.00634795398805913	0.0468184149069603
LOC101929341	-1.42800509993787	0.523603780039818	-2.72726277841095	0.00638621584647844	0.0469671802108749
FAM151A	-1.01298476913064	0.371611595681391	-2.72592346660557	0.00641218645048723	0.0470727654044251
FAM66E	1.53853330120534	0.564615347832401	2.72492291807489	0.00643165006472613	0.0471344178526101
NXPH2	1.08134008031373	0.396951041512872	2.7241144806989	0.00644741535916545	0.0471660450588881
LINC01494	1.07234466408537	0.393698609511498	2.72377051424169	0.00645413356720882	0.0471660450588881
LOC100130370	-1.16650640842597	0.428391687167705	-2.72299029922424	0.00646939574816291	0.0472609498042896
CBLN4	1.19709719751293	0.439692981602419	2.72257517768473	0.0064775293765222	0.0472763595001058
LINC00398	1.0141538150188	0.373081306079881	2.71831849650934	0.00656146440691574	0.0475916250052533
GIPR	-1.16531872741446	0.428774335396073	-2.71779029483659	0.00657194763903252	0.0475916250052533
C21orf91-OT1	-1.43994882196754	0.529788799196737	-2.71796765834005	0.00656842582252937	0.0475916250052533
NMUR2	-1.03012607749973	0.379512158312035	-2.71434275539799	0.00664074182054906	0.047862260263966
BCRP3	-1.07469444161159	0.395961935878963	-2.71413573940124	0.00664489326934995	0.0478695068717062
TSPAN18	-1.01956116684669	0.375954347386395	-2.71192812088649	0.00668930965423571	0.0480561301310347
RORC	-1.40051200095754	0.516748364635654	-2.71023983200218	0.00672345724511756	0.0482055782448442
CD300LG	1.61379718120117	0.595665684815195	2.70923308550475	0.00674389435168415	0.0482344947046169
HIST1H1T	-1.15874839228693	0.427811772371482	-2.7085472329657	0.00675784922056576	0.0482610951136435
MUC5AC	2.14682980551264	0.796996849630097	2.69364904831058	0.00706745380164716	0.0493740816863223
SLC17A6	1.19359672072198	0.443117098339112	2.69363724666868	0.00706770402298792	0.0493740816863223
KRT8P41	-1.20940046962747	0.449006038093657	-2.69350602669446	0.00707048671741951	0.0493769127888654
CD38	1.17594830677537	0.437167441232525	2.68992654956181	0.00714677472184386	0.0495928380213749
MIR4513	-1.34183314755707	0.49967267790276	-2.68542429253696	0.0072437783547473	0.049899181641707
