gene_name	logFC	lfcSE	stat	pvalue	padj
MTRNR2L10	-2.23159295280022	0.258628805179006	-8.62855531987498	6.21317469046891e-18	1.21187972337596e-14
INMT	-1.92058399205327	0.220856209684754	-8.69608327877528	3.43536358209258e-18	1.21187972337596e-14
PPIEL	-1.83617672782695	0.215421957061492	-8.52362847721609	1.54631082443424e-17	2.01071950870599e-14
RAB3B	-2.20470168585293	0.266235425159772	-8.28102302512842	1.22121571877488e-16	9.55594250050762e-14
IKZF3	-1.36687616137715	0.165068237212727	-8.2806734018467	1.2248067803778e-16	9.55594250050762e-14
GATM-AS1	-2.19162814325373	0.265733715304731	-8.24745983301543	1.61796855539227e-16	1.05194922243087e-13
PDE6A	-1.82834670421478	0.223478305351533	-8.18131630870737	2.80759843108965e-16	1.56463449709725e-13
MREG	-1.55689049278556	0.192363261450017	-8.09349187079624	5.79781664098929e-16	2.8271603395624e-13
IDS	1.32550479578762	0.164317105352845	8.06674869875119	7.21949358451051e-16	3.12924938590839e-13
LINC00649	-1.72791249615059	0.216214961715902	-7.99164166271247	1.33153594166865e-15	5.19432170844939e-13
METTL21A	-1.75770200424117	0.221427774251192	-7.93803762958481	2.05405029453614e-15	7.284409271805e-13
SLC43A2	1.7513792891031	0.222349269100023	7.87670360326323	3.36130994374516e-15	1.02822274092329e-12
EEF2K	-1.49826425890063	0.190272667353933	-7.87430102145807	3.42653053883689e-15	1.02822274092329e-12
FXN	-1.42538348296001	0.182717425194391	-7.80102653834773	6.14055962767256e-15	1.59695487383671e-12
ACBD7	-1.56397613895753	0.200357247351199	-7.80593744241304	5.90608727242955e-15	1.59695487383671e-12
IFNLR1	-2.10858216210419	0.271338765745653	-7.771031744431	7.78493838445028e-15	1.89806528985878e-12
ZNF483	-1.45666367780027	0.188452026514031	-7.72962596765609	1.07863029858597e-14	2.47513929104932e-12
FGF5	-1.90645505292351	0.246968957702034	-7.71941166477949	1.16867880498243e-14	2.53278667679803e-12
FBLIM1	-1.48098085380673	0.193032251326303	-7.6721938620675	1.69079145041929e-14	3.47146181478192e-12
ATP5E	-1.28514824765108	0.168291507403094	-7.63644147873057	2.23307686462868e-14	4.35561642445824e-12
MTRNR2L2	-1.52642317208309	0.200845279253189	-7.59999526879023	2.96141576484348e-14	5.50118233269258e-12
GNG4	-1.56656332413712	0.20660396212856	-7.58244569947948	3.39101024768801e-14	6.0128777164686e-12
LOC284260	-1.70285195927389	0.228515456704679	-7.45180209614687	9.20737732529352e-14	1.54587995186131e-11
CCL5	-1.37715362955791	0.184914238366066	-7.44752617065443	9.51066876305342e-14	1.54587995186131e-11
GLIPR1L2	-1.42336324139967	0.19149696183847	-7.4328241437078	1.06303190007202e-13	1.59495670853113e-11
PRELP	-1.789813961332	0.240760042676614	-7.43401580027152	1.05349378164658e-13	1.59495670853113e-11
SIX4	-1.72406949075119	0.233332811016899	-7.38888578608998	1.48064280163463e-13	2.13925465525063e-11
CSDE1	1.54879776813084	0.211935001406199	7.30789042798262	2.71368928840785e-13	3.78075068359965e-11
C21orf62	-1.49117088766961	0.204415184696582	-7.29481466791711	2.99070468931853e-13	3.88891299767719e-11
TMEM154	1.33318227940734	0.182645062815596	7.29930641899343	2.89254897778766e-13	3.88891299767719e-11
LOC286186	-1.63851669080013	0.225470987685513	-7.26708437134063	3.67329396787042e-13	4.62242573182662e-11
CACNG8	-1.36882455366016	0.188801008488558	-7.25009132429032	4.16490712970445e-13	5.07728209780533e-11
C4orf26	-1.96610518416824	0.271731958423249	-7.23545804320092	4.63960561159686e-13	5.48457620934526e-11
VSIG1	-1.51637689401539	0.211011439517506	-7.18623074409	6.66044455866205e-13	7.64188065392372e-11
MOG	-2.03051403905746	0.282861709337731	-7.17846909647665	7.04963207509766e-13	7.85731849284456e-11
UBE2Q2P1	-2.01201848345402	0.28056740829494	-7.17124806363443	7.43171004559139e-13	8.05308357995889e-11
CCDC122	-2.2659239841203	0.316177633496207	-7.16661693954859	7.68737374457693e-13	8.10498512907962e-11
PAK1	1.34563069877074	0.188372117285612	7.14347069067806	9.10033335368094e-13	9.34221063492351e-11
PPIL6	-1.73814241256707	0.245752226920589	-7.07274328435169	1.51900347806529e-12	1.51939296613658e-10
ELMOD1	-1.8091582128014	0.257032056752181	-7.0386481579833	1.94113831425786e-12	1.84771324848348e-10
CYP4V2	-1.16504913214251	0.165523121118013	-7.03858847195049	1.9419698330639e-12	1.84771324848348e-10
NXN	-2.2289381806865	0.318113308252123	-7.00674295248265	2.43929813413699e-12	2.26564333839724e-10
ZFP42	-1.53244594522985	0.21917532816948	-6.99187247957427	2.71241374890964e-12	2.46072698476663e-10
SPRED1	-1.82623444326879	0.262195233072422	-6.96517027357381	3.2800678684936e-12	2.84345438999857e-10
MIR143HG	-1.24169637626801	0.178268822321543	-6.96530307486051	3.27697509740563e-12	2.84345438999857e-10
ZYG11A	-1.33728426225985	0.192590329835014	-6.94367294248605	3.8203440413701e-12	3.23981784899669e-10
TBXA2R	-1.45999070168337	0.210549250729405	-6.93420041451361	4.08525154825196e-12	3.39075878504913e-10
KIAA1456	-1.60914389102755	0.232451921985196	-6.92248047374729	4.43802985160977e-12	3.60682384398535e-10
ZNF665	-1.96287270906575	0.284156671884396	-6.90771290376144	4.92529459739951e-12	3.8427148448911e-10
MTRNR2L4	-1.9708793061133	0.285305132044196	-6.90797004593663	4.916377532592e-12	3.8427148448911e-10
PJA2	1.28859491872509	0.188453468029622	6.83773523617268	8.04549116418231e-12	6.15401196695592e-10
LOC283335	-1.3211842228719	0.193681410730025	-6.82143019245928	9.01385683179816e-12	6.76212605785474e-10
HTRA4	-1.61304951207952	0.23789237136994	-6.78058528228767	1.19689998466284e-11	8.80963554749004e-10
IRF2BPL	-2.28657005533912	0.33744445724101	-6.77613754285493	1.2343117775418e-11	8.91675971146402e-10
LOC100287314	-1.93263081083229	0.285612721354735	-6.7666132014895	1.31831899731218e-11	9.18350430091929e-10
FKBP14	-1.2777587575325	0.18876742105063	-6.76895806713272	1.29713127571679e-11	9.18350430091929e-10
LOC90834	-1.69340585090161	0.251419287562248	-6.73538560752761	1.63495750635823e-11	1.11894197057955e-09
LOC100129269	-1.64192781361751	0.244561524262838	-6.71376177657807	1.89669873935976e-11	1.27569341073145e-09
AP1S3	-1.09279315478919	0.162990420823031	-6.70464650174566	2.01894511841849e-11	1.33489913677128e-09
LOC100288069	-1.52360031201307	0.22795689989295	-6.68372096974718	2.32950165551005e-11	1.51456432635745e-09
BVES	-1.86248683880032	0.278814509668674	-6.68002121200069	2.3890766702349e-11	1.52783411321088e-09
CEP41	-1.28905027349244	0.193875395951337	-6.64885952736359	2.95372725798642e-11	1.85846613442017e-09
PTPN14	-1.39218631814826	0.209633794121895	-6.64103955175639	3.11478434357722e-11	1.92869424195155e-09
ZNF713	-1.35245090400511	0.203912403567978	-6.63250925564341	3.30027639152976e-11	2.01162159427463e-09
AFMID	-1.62783272705669	0.245539669951427	-6.62961193756881	3.36570521514602e-11	2.01994092988995e-09
OR7D2	-1.3599486257465	0.205314633442821	-6.62372965308018	3.50247085838338e-11	2.07017254826569e-09
MAP1LC3C	-2.06634775825924	0.312400039240419	-6.61442861301631	3.72989595256103e-11	2.15514981466144e-09
LOC100128288	-1.64870585351226	0.249298979299297	-6.61336784509213	3.75673384765388e-11	2.15514981466144e-09
ZNF793	-1.02716275843069	0.155510055110984	-6.60512117816196	3.97192317135016e-11	2.21349604163386e-09
PTK6	-1.74173839272895	0.263625158141839	-6.60687471941446	3.92517930716736e-11	2.21349604163386e-09
NEK5	-1.97798980495341	0.299688834132971	-6.60014514947121	4.10755422903543e-11	2.25684071091088e-09
TMEM213	-1.48305947315277	0.225738081332219	-6.56982403855091	5.03747555042408e-11	2.72933223919505e-09
ATCAY	-1.08500480598047	0.165303917368258	-6.56369687575726	5.24898526132087e-11	2.80497143896065e-09
ATP5I	-1.88077333734698	0.286754103442643	-6.55883669934362	5.42291472994088e-11	2.85875545425667e-09
C1orf210	-1.5997340635028	0.245029081339415	-6.52875183124424	6.63200306737911e-11	3.44952586211279e-09
MAPRE1	2.00005747876873	0.306495620450427	6.52556625712773	6.77451022061289e-11	3.4772847856067e-09
LRRN4CL	-1.33103926265665	0.204652030347086	-6.5039142802504	7.82565005206299e-11	3.86428618393642e-09
LOC100506085	-1.37918251883467	0.212002130978666	-6.50551252701067	7.74289309457697e-11	3.86428618393642e-09
METTL8	-1.08689505790676	0.167247380032319	-6.49872696180194	8.10025209033742e-11	3.94274751442286e-09
MTRNR2L3	-1.66262972844983	0.255902188654029	-6.49712977131917	8.18668414940404e-11	3.94274751442286e-09
RNF207	-1.38834384952119	0.213854123872572	-6.49201345468769	8.46966921885001e-11	4.02929019789438e-09
RABL5	-1.06459732099235	0.164431372975194	-6.47441727043751	9.51785415975591e-11	4.47339145508528e-09
TMEM236	-1.72673927360422	0.267505442128538	-6.45496876573639	1.0824122489041e-10	5.02677402735109e-09
JPX	-1.73100919271481	0.269539403796319	-6.4221006959816	1.34406460108304e-10	6.16846589273521e-09
ZNF716	-1.42885830004342	0.222965791646341	-6.40841937901315	1.47035995402098e-10	6.66962114027423e-09
TFDP2	-1.06645682604411	0.166806238265084	-6.39338694485349	1.6225097294249e-10	7.19251188009831e-09
NCMAP	-1.21889210067834	0.190642182827834	-6.39361175264711	1.6201248866311e-10	7.19251188009831e-09
RAB42	-1.70163657892191	0.266442534449155	-6.38650500168783	1.69719885124921e-10	7.38919786345124e-09
ZNF818P	-1.6164783787335	0.253135415231571	-6.385824667223	1.70476238838916e-10	7.38919786345124e-09
ZC3H12D	-1.46685480427446	0.230003213372653	-6.37754048200121	1.79954492986996e-10	7.71431293562935e-09
LOC440300	-1.20520471570936	0.189162386033288	-6.37127042528041	1.87468751586107e-10	7.94908260801527e-09
PXMP4	-1.05243310983165	0.165916164346495	-6.3431620058054	2.25096499999822e-10	9.34150474999262e-09
PAPL	-1.54810178277353	0.244027477974151	-6.34396501420841	2.23925700983929e-10	9.34150474999262e-09
ZFAS1	-1.4964427955532	0.236885336108329	-6.31716095279477	2.66412079337243e-10	1.09397212788904e-08
PNPO	-1.25688554169863	0.199329350982726	-6.30557183626987	2.87131787546203e-10	1.16677198251848e-08
PTPRG-AS1	-1.5260218526456	0.242169590920837	-6.30145943114899	2.94855963553782e-10	1.18580733383846e-08
WDR1	1.15848769361106	0.184027301303642	6.29519470972178	3.07014237208293e-10	1.22210463198934e-08
SEPT14	-1.71746909131936	0.272899483488487	-6.29341275903078	3.10561082298987e-10	1.22373614348318e-08
BCAP31	1.20266490047599	0.191472519053606	6.2811358330711	3.36108314144787e-10	1.29817676582061e-08
ANKRD16	-1.41845175741276	0.226381908139932	-6.26574698069944	3.71042390649297e-10	1.41905526070873e-08
SCD5	-1.09957169462086	0.17592601768513	-6.25019374103527	4.09943841038837e-10	1.55261254746845e-08
C17orf75	-1.13688923253747	0.182729096183505	-6.22171978235885	4.91734707271068e-10	1.84447797410042e-08
FAM227A	-1.05999440137887	0.17052000533108	-6.21624658831553	5.09187644300166e-10	1.89175333372852e-08
PNMA2	-1.68922510947352	0.273138392015597	-6.1845026508652	6.22985665271847e-10	2.29270479266554e-08
ZNF667	-1.58046072337753	0.255873086231555	-6.176736860661	6.54400049757921e-10	2.38580803187444e-08
EMP2	-1.09143349364817	0.176823228326755	-6.17245541762925	6.72374911446693e-10	2.42864308291995e-08
RFPL1-AS1	-1.49218054738922	0.242032756385924	-6.16520081690895	7.03937465461299e-10	2.51932114932526e-08
SCAI	-1.17420726776021	0.190918355921465	-6.15031101694185	7.73311519926705e-10	2.73223384681837e-08
KIAA1324	2.80364684974482	0.456419301945102	6.14270000807732	8.11304217855225e-10	2.82580156594039e-08
PACS2	-1.41612057111971	0.2309456524893	-6.13183472325947	8.68713287774021e-10	2.99898277487297e-08
EXPH5	-1.16388050349824	0.189969816953103	-6.12666013035935	8.97428842192776e-10	3.07093852052107e-08
DYNC1LI1	1.62206747573956	0.267053500757736	6.07394200464368	1.24807818780423e-09	4.205288760824e-08
DNAL1	-1.00915841444345	0.166191701429653	-6.07225514729217	1.26126322741966e-09	4.205288760824e-08
TRIM65	-1.34927503929659	0.222152990903311	-6.07362986116104	1.25050783129263e-09	4.205288760824e-08
PRND	-1.39750264028086	0.230682153389568	-6.05813072119544	1.3771246587587e-09	4.55268075747261e-08
CHRNB1	-1.305448004033	0.215832916089277	-6.04841943335935	1.4627373778766e-09	4.77209871051997e-08
ZNF492	-1.45949404574181	0.24132464848699	-6.04784490474661	1.46796166434862e-09	4.77209871051997e-08
PGM5P2	-1.3466080778247	0.222779852133672	-6.0445685053095	1.4981039105197e-09	4.79024865158799e-08
BRIP1	-1.1309147638868	0.18708729061573	-6.04485082960369	1.49548300931197e-09	4.79024865158799e-08
IBA57	-1.13733418566498	0.188647228628641	-6.02889421664322	1.65085293484646e-09	5.2357539014927e-08
POU5F1	-1.74146186774043	0.288987940263552	-6.02607107463461	1.67993329820029e-09	5.28501596474141e-08
SLC5A5	-1.15159386524474	0.19137701778429	-6.01740939731203	1.77230450955452e-09	5.53100791341776e-08
GDPD1	-1.01593132271234	0.169272384220115	-6.00175467128336	1.95196479492585e-09	5.90280206589594e-08
PDP2	-1.70105105594847	0.283407008736786	-6.00214886544433	1.94723041624579e-09	5.90280206589594e-08
KCNJ5	-1.67516976079295	0.279979801091138	-5.9831807661284	2.18821683561976e-09	6.51620906546007e-08
PLEKHH2	-1.89409941920002	0.316508640538461	-5.98435295787715	2.17251749310426e-09	6.51620906546007e-08
LRRC2	-1.39767776631812	0.234363043914203	-5.96372936182631	2.46544967864411e-09	7.28615090635657e-08
LOC284950	-1.32870514089263	0.223464844571904	-5.94592470881969	2.74900490895284e-09	8.06305875926693e-08
C2orf91	-1.30409615389131	0.219575243206517	-5.93917663415621	2.86457099923109e-09	8.25219632604591e-08
AK3	-1.46114679770138	0.245964348856247	-5.94048204341737	2.84185187076929e-09	8.25219632604591e-08
GGT6	-1.46490868236799	0.2468829958418	-5.93361514175196	2.96336007534251e-09	8.43800558679645e-08
SEC14L1	1.24207272420464	0.209764935081416	5.92126002242726	3.19484249603261e-09	9.0312178094371e-08
PGAM5	-1.0741981885817	0.18152473043594	-5.91764100683124	3.2659183673755e-09	9.16571766268478e-08
KIAA1875	-1.53399987793052	0.260470672906205	-5.88933817698127	3.8774527320568e-09	1.07276192253572e-07
SPG21	1.54633025420527	0.263331587505264	5.87217913678645	4.301036127743e-09	1.18157337565672e-07
LOC100128338	-1.09450752440862	0.186597671619765	-5.8656011884164	4.47508250638903e-09	1.21231228176553e-07
CYFIP2	1.60879370488029	0.275070617698863	5.84865704064958	4.95557646376313e-09	1.33322095069931e-07
UBL5	-1.02423287662219	0.175548416100678	-5.8344751799685	5.39601392896076e-09	1.4417705710189e-07
C1orf56	-1.83553200818444	0.315036462847412	-5.82641130361308	5.6631943214738e-09	1.50286537741968e-07
CCNI	1.28663559633946	0.221036366096824	5.82092267919321	5.85236408826982e-09	1.53513189805304e-07
SGCB	-1.43337468123968	0.246347367184065	-5.81851025088769	5.93744191310767e-09	1.54413072686887e-07
ARHGEF26-AS1	-1.34616024061762	0.231738654673846	-5.80895855511129	6.28626469991752e-09	1.62402109896545e-07
FPR2	1.0633023810721	0.183405577942319	5.79754657956208	6.72920939011201e-09	1.72701617308072e-07
ARF1	1.08828963538737	0.187941095426158	5.79058897640061	7.01400293490381e-09	1.78834153261828e-07
OPA3	-1.33465790847502	0.231085778128535	-5.77559518930089	7.66815332348237e-09	1.92990103967127e-07
SLC4A8	-1.31395981670713	0.227465738223618	-5.77651749651809	7.62625753578537e-09	1.92990103967127e-07
AARS2	-1.74927729439847	0.302986566303273	-5.77344836024028	7.76654160729463e-09	1.93395366383093e-07
LOC283299	-1.71333377742591	0.296779688765403	-5.77308300495004	7.78340746530262e-09	1.93395366383093e-07
LIN28A	-1.00650401235787	0.174477351633764	-5.7686800202617	7.9894837697749e-09	1.97259342948683e-07
MTRNR2L8	-1.19310153726941	0.207263954656744	-5.75643526268396	8.59087054920334e-09	2.10773496933599e-07
NEK2	-1.72377801814099	0.300331992736187	-5.73957506969682	9.4914403219029e-09	2.31413179348395e-07
TMEM136	-1.25551362145863	0.218811720602163	-5.73787189280123	9.58735893158308e-09	2.32299920447861e-07
NR1H2	1.15942061704827	0.202526690381078	5.72477936052125	1.03568252894414e-08	2.4786488008657e-07
MYLK3	-1.02828687100648	0.179708760896212	-5.72196294648294	1.05300276730095e-08	2.50473402148841e-07
CA5B	-1.0887498493937	0.190417924767052	-5.71768572063593	1.07984624827809e-08	2.55301831183808e-07
C3orf72	-1.01483982938068	0.177640143037251	-5.71289693888543	1.11068950680919e-08	2.6101203410016e-07
CRX	-1.07881474314842	0.18928389737184	-5.69945335090566	1.20192207231574e-08	2.80760359527168e-07
FAM73A	-1.27500582770016	0.224076044966894	-5.69005860438377	1.26995778844161e-08	2.94887222185161e-07
MANEAL	-1.34724277500993	0.237395241770805	-5.6751043742934	1.38604119571624e-08	3.18055688499356e-07
LINC00294	-1.68197531420263	0.296479010899158	-5.67316825937037	1.40180420705417e-08	3.19791708287622e-07
WDR92	-1.16658032273124	0.206043328501811	-5.66182041036571	1.49775529459975e-08	3.37730832614659e-07
FOXK1	-1.35127162434594	0.238930782869293	-5.6554940645097	1.55398600470165e-08	3.48396517490871e-07
TSTD3	-1.08246607539543	0.191719341076165	-5.64609741155639	1.64130870952181e-08	3.63815006042403e-07
SIGLEC8	-1.454053607892	0.257532993362191	-5.64608669712094	1.64141094753814e-08	3.63815006042403e-07
LOC728606	-1.17405465898592	0.2082266624966	-5.63834931083857	1.716879665933e-08	3.78392518463539e-07
ZNF714	-1.29591054737707	0.23029328942481	-5.62721801670292	1.8313920023511e-08	4.01362932650092e-07
WDR17	-1.15857997713764	0.206255111648119	-5.61721824918568	1.94056244965769e-08	4.20563006450814e-07
MAP7D3	-1.48147195512752	0.263882043103638	-5.61414462955968	1.97536944197427e-08	4.25741226140422e-07
TYW5	-2.50135582851087	0.445861599534953	-5.61016205728383	2.02137236236546e-08	4.33262284922399e-07
AQP6	-1.53822100936043	0.275010891136658	-5.59330942495677	2.22781737074039e-08	4.74682052936427e-07
GLUD1P7	-1.41217805348529	0.252628964849643	-5.58992930333927	2.27162079234289e-08	4.79005011401602e-07
TMEM130	-1.42896335281097	0.255797817186739	-5.58630002603889	2.31958364293221e-08	4.86489021025729e-07
LARS2-AS1	-1.53713649337114	0.275294659406605	-5.58360447923115	2.35584141573929e-08	4.88837093765903e-07
PPARA	-1.60835743647706	0.288025005204507	-5.58408960130068	2.3492757029715e-08	4.88837093765903e-07
DZIP3	-2.0548075350936	0.368184923859951	-5.58091166132375	2.39261148272817e-08	4.91825197112336e-07
MTX3	-1.61510579776586	0.289408921891883	-5.58070493199663	2.39545725330284e-08	4.91825197112336e-07
LOC728558	-1.11932859115383	0.2012793635876	-5.56106980468807	2.68125916467797e-08	5.44770416740039e-07
LOC100287792	-1.05578228880195	0.189932158582295	-5.55873369040077	2.71738945064738e-08	5.49250582744841e-07
C7orf55	-1.48702753405897	0.267836513923764	-5.55199704578829	2.82424368823546e-08	5.67905908649822e-07
UTY	-4.13095788581585	0.745039684337532	-5.54461456571804	2.94602391536214e-08	5.83635323758471e-07
IFITM3	1.89364610825812	0.341533753026801	5.54453576396452	2.94735090439422e-08	5.83635323758471e-07
PCDHB9	-1.11368485839958	0.201280662988544	-5.53299478382065	3.14808836786137e-08	6.20237006213495e-07
CD93	1.81400826087175	0.32882408385231	5.51665267221273	3.45517337125516e-08	6.73931566063319e-07
NOS1	-1.04282831762001	0.189449304556757	-5.50452439009925	3.70166215254881e-08	7.11339116112952e-07
PLEK	1.66585643446392	0.302782940823932	5.50181734126368	3.7589628385406e-08	7.18809511428768e-07
LOC100128531	-1.28998369314011	0.23477265328447	-5.4946079753891	3.91579284710623e-08	7.45146726661532e-07
ANKS4B	-1.33541516590958	0.243140063006442	-5.49236990974294	3.96575656210346e-08	7.50991084891534e-07
ARNTL2	-1.44501094830956	0.263256616313108	-5.48898245577585	4.04255769968737e-08	7.61836598380697e-07
SLC7A14	-1.51011060456354	0.275233521749411	-5.48665218889448	4.09622529068443e-08	7.6456339038086e-07
AKIP1	-1.18989523436208	0.216865800409644	-5.48678137407766	4.09323206833493e-08	7.6456339038086e-07
CYP27C1	-1.17364271061389	0.214794605769518	-5.46402320677108	4.6546264551167e-08	8.60554398171102e-07
FKBP8	1.38165262864054	0.253053078623536	5.45993210656016	4.76316696562451e-08	8.72352785582216e-07
RAD23B	-1.90476547028445	0.349046437935012	-5.45705460154012	4.84097526363606e-08	8.82460023525433e-07
ORC6	-1.60195232310621	0.295698830181907	-5.41751322492797	6.04336807670048e-08	1.08543286177674e-06
FBXO45	-1.43322545990311	0.264586395189396	-5.41685243822602	6.065736064274e-08	1.08543286177674e-06
FAM200B	-1.3861113579792	0.255982244430439	-5.41487305521247	6.13322033588483e-08	1.09249737581218e-06
NUP43	-1.08848777096331	0.201268396340305	-5.40814052655787	6.36824506458942e-08	1.1292056362256e-06
SMAD5	-1.93905507900593	0.358651154570977	-5.40652122345864	6.42606159636887e-08	1.13430164196538e-06
BMP8A	-1.64146910827445	0.304215192802562	-5.39574993987815	6.82379281865197e-08	1.1990817921424e-06
HEXIM1	1.8318734647641	0.340771371558018	5.37566714125285	7.62996342563217e-08	1.32286610326183e-06
DNAJB12	1.50842281828368	0.280580057676393	5.37608706326314	7.61219938877449e-08	1.32286610326183e-06
S1PR2	-1.00643744894834	0.187602229667247	-5.36474140383875	8.10652747266763e-08	1.39927272879984e-06
ZNF542	-1.16374456405057	0.217354056248857	-5.35414238010884	8.59631533102402e-08	1.477278683098e-06
ZNF69	-1.2925102446429	0.241656563671394	-5.34854185214876	8.86656741287634e-08	1.51703857358029e-06
KIAA1467	-1.78905870513938	0.335455360953404	-5.33322436718454	9.64839735245198e-08	1.63645209008327e-06
EXOSC6	-1.30577164213073	0.244901402181385	-5.33182591238744	9.7230127848521e-08	1.64196852267134e-06
DNAJC22	-1.27171916882616	0.238629577618163	-5.32926044423994	9.86134976545659e-08	1.65815195840716e-06
MTRNR2L1	-1.17478556804421	0.220588432075007	-5.3256898242277	1.00570624205001e-07	1.66947236180301e-06
VSTM4	-1.96204235031634	0.368311311798073	-5.3271303038122	9.97765865626841e-08	1.66947236180301e-06
ADAM17	-1.34781850904771	0.253074157889679	-5.32578482246793	1.00518070344159e-07	1.66947236180301e-06
SBF2-AS1	-1.49677838834096	0.281313499829859	-5.32067742659427	1.03381567831299e-07	1.70886227165211e-06
DUSP19	-1.2346042989264	0.232161075087658	-5.31787810880977	1.04984357848399e-07	1.72803367074517e-06
PCDH11Y	-1.1933866116685	0.225006839315598	-5.30377927754737	1.13429452132982e-07	1.85430146250664e-06
NUDT19	-1.03374113387535	0.194916959161916	-5.30349507975152	1.13606267505534e-07	1.85430146250664e-06
DTD2	-1.28444939075676	0.242491512401471	-5.29688391167363	1.17795529360053e-07	1.91466816680654e-06
BHMT2	-1.12802343985693	0.213096775161199	-5.29347963620579	1.20010611274416e-07	1.94257840075311e-06
TMEM241	-1.50700830748508	0.285132683716309	-5.28528784509484	1.25507251435386e-07	2.02315614813818e-06
CALCOCO2	1.30216032337067	0.246591057571545	5.28064697963701	1.28728509169302e-07	2.06654285707591e-06
AMPD2	1.72930922873611	0.328144137020373	5.26996838779034	1.36447256368362e-07	2.17257447793053e-06
FTH1P3	2.09417789466554	0.397970289992254	5.2621463142545	1.42383384063217e-07	2.22175032492244e-06
EIF4H	1.30677413892139	0.248330061656083	5.26224706830366	1.42305357868663e-07	2.22175032492244e-06
GNPNAT1	-1.37614470650702	0.261513218714728	-5.26223765387625	1.42312646860302e-07	2.22175032492244e-06
RPS6KA6	-1.40178127794832	0.267777701379575	-5.23486933649228	1.65101618294832e-07	2.53567485420528e-06
FOXRED2	-1.13866346203756	0.217567706579773	-5.23360511510497	1.66235398908054e-07	2.54307565153066e-06
PCDHA9	-1.06016389187584	0.203068658325243	-5.22071648386941	1.78232223596896e-07	2.70231964735972e-06
ICA1L	-1.1011738636188	0.210944472229765	-5.22020725160024	1.78723011796669e-07	2.70231964735972e-06
S100A8	-1.36665175996185	0.26302577069306	-5.19588539313385	2.03747759050709e-07	3.0336641528886e-06
DNAJB6	1.08078665288902	0.208774192446381	5.17682113974214	2.25698398884387e-07	3.30996035356388e-06
DSCR6	-1.11268764386908	0.21512495565373	-5.17228529106629	2.31248149636574e-07	3.36604116318012e-06
IL10RB	1.01214418920113	0.195678487709474	5.17248574970523	2.31000121746803e-07	3.36604116318012e-06
THBD	3.02861487496787	0.585760985865872	5.17039363844105	2.33601401081681e-07	3.3751076504431e-06
SLC25A15	-1.25218955938877	0.242750107844698	-5.15834810746971	2.49138099345479e-07	3.58630157028307e-06
IGFBPL1	-1.14448318333371	0.222637724489662	-5.14056270543159	2.73916888459576e-07	3.91410176513116e-06
LRIF1	1.9103952280494	0.371701372659702	5.13959691453276	2.753284577222e-07	3.91991355319089e-06
KATNBL1	2.14965271465673	0.418398376031553	5.13781323686261	2.77953914746578e-07	3.94290262336872e-06
ZNF566	-1.20978318700933	0.235504135296352	-5.13699339286323	2.79168766803113e-07	3.94578753369183e-06
ATP8B1	-1.27392963902648	0.248090557132005	-5.13493803937342	2.8223699297814e-07	3.97272995296408e-06
C1orf86	-1.04398729863368	0.203602021384753	-5.12758808352313	2.93477682897551e-07	4.08877300351195e-06
LRRFIP1	1.11094897974116	0.216766225035826	5.12510184442963	2.97376957497497e-07	4.12835413237629e-06
LOC284023	-1.03320917402922	0.20208235633483	-5.11281238386442	3.17397499910516e-07	4.39066541542881e-06
CCDC113	-1.07080976042132	0.210299661499547	-5.09182826441984	3.54627244992889e-07	4.8883423417571e-06
PDIA3	1.75053286963882	0.344666805446254	5.07891343749315	3.79599606008911e-07	5.1958528527746e-06
SKAP2	1.20770804861505	0.237972286249061	5.0749945199546	3.87507169345916e-07	5.2855435930714e-06
BCL2L15	-1.25290199543666	0.247560115263436	-5.06100101829171	4.17060987930029e-07	5.61018935832774e-06
CTSS	1.70574404258323	0.337341186234446	5.0564357753748	4.27164634203347e-07	5.72635476985312e-06
FLNA	3.1957716391234	0.634182700740456	5.03919711999728	4.67488807616721e-07	6.18194521529773e-06
IGBP1	1.62226480537448	0.322723626877799	5.02679280432342	4.9875071982814e-07	6.55093117188409e-06
LINC00663	-1.01565894942041	0.202296196199842	-5.02065272852226	5.14961867761858e-07	6.74116189979533e-06
DBT	-1.03200984495606	0.206785741159117	-4.99072053600619	6.01544765209407e-07	7.82208709693966e-06
AKIRIN1	1.13996860576769	0.228505153734781	4.98880916747642	6.07526231269491e-07	7.8736206916355e-06
IL1B	2.12142060813808	0.425916210412222	4.98084025983623	6.3308782597941e-07	8.17773380511815e-06
PLEKHO2	1.14136733745008	0.229219177895119	4.97937104535087	6.37912403086825e-07	8.21285902456009e-06
VAMP3	1.17647874231671	0.23697677434688	4.96453184308522	6.88669869464606e-07	8.83717487099153e-06
RAD1	-1.29530828115731	0.261034744442639	-4.96220640636575	6.9696871036358e-07	8.91434406271582e-06
TNFAIP6	1.47105410434633	0.296490305697738	4.96155886407301	6.99296708675116e-07	8.91489039392689e-06
TNIP1	1.18095212614835	0.23811749206505	4.95953537855057	7.06619787851155e-07	8.97890486126174e-06
COX7B	-1.03614930779317	0.209096318763391	-4.95536848243443	7.21933411429943e-07	9.11411727504274e-06
TMF1	1.22044871757434	0.247384569904221	4.93340679269876	8.08076122816741e-07	1.01360287945598e-05
HIST2H2AC	-1.65321947139361	0.336522275988525	-4.91265984261317	8.98490801446483e-07	1.11270241791833e-05
HNRNPL	-1.55228592163994	0.316196205821183	-4.90924904556822	9.14258124489087e-07	1.12864586823795e-05
CHP2	-1.42404539407105	0.290438287811809	-4.90309113443668	9.43401883718301e-07	1.15729897747959e-05
PSME3	1.0677871875653	0.217845043517289	4.90159046230749	9.50638558443373e-07	1.16090345387204e-05
PUM2	1.29828285592954	0.265006595653067	4.89905865448417	9.6296896839866e-07	1.17026228838728e-05
LOC400891	-1.02098085153544	0.208902207197795	-4.88736268147107	1.0219572761172e-06	1.23809171867491e-05
MRI1	-1.00561990216735	0.205817210181056	-4.88598548820438	1.02912778604031e-06	1.24291872858925e-05
GP2	-1.24569067799139	0.255018816744293	-4.88470103459246	1.03585906261298e-06	1.24718709976951e-05
GPLD1	-1.21333999723784	0.24872030422518	-4.87833110777852	1.06987217828173e-06	1.28417580537754e-05
MTRNR2L6	-1.17291615916436	0.24049194951034	-4.87715352448392	1.07627667114448e-06	1.28790039697381e-05
GRM6	-1.24898252964923	0.256857795813586	-4.86254476214409	1.15886161265293e-06	1.37826803382899e-05
CD177	-2.54180899596558	0.523001427647069	-4.86004217502986	1.17360748289402e-06	1.38788064735649e-05
AKAP5	-1.32869215761493	0.273395364149454	-4.85996593888324	1.17405950686399e-06	1.38788064735649e-05
SHISA2	-1.34816318768012	0.277877142154142	-4.85165198270347	1.22437331079469e-06	1.43431840402705e-05
SYNGR2	1.08484561080038	0.224226540662701	4.83816771910287	1.3104154416916e-06	1.53051815510148e-05
BAG6	1.46379088919681	0.302837805898761	4.83358042055737	1.34099069976138e-06	1.56155364769228e-05
SLC35E2	-1.06491790118736	0.220544510664155	-4.82858493272141	1.37506684516781e-06	1.58702241508865e-05
ELL	1.1186367933167	0.231744412216081	4.82702811523959	1.38585563054171e-06	1.59475599254962e-05
TNFAIP8L3	-1.00965995771054	0.209203757852213	-4.82620373589936	1.391601519869e-06	1.59665809676734e-05
NUP98	1.53440387202704	0.318228034161059	4.82171181452374	1.4233147565177e-06	1.62825538568197e-05
DKFZP434L187	-1.40685965813471	0.291928656835015	-4.819189980824	1.44142246924089e-06	1.64414884576278e-05
TRIM59	-1.28129690483973	0.266298302973007	-4.81150983891027	1.49794358976676e-06	1.70363788445485e-05
ABHD2	1.01747640272763	0.211661003133276	4.80710375395398	1.53132528506421e-06	1.73150722812623e-05
OR51E2	-1.07983212575078	0.225132294849236	-4.79643369901197	1.61515383145963e-06	1.81576803934409e-05
C3orf33	-1.45973342206734	0.304439238023709	-4.79482681517439	1.62815427648394e-06	1.82185682479069e-05
ATP6V0C	1.38904916290744	0.29046351906586	4.78218114059441	1.73403311124983e-06	1.92396577182871e-05
ATP6AP2	1.04540912111627	0.218615804450137	4.78194668379848	1.73605729731788e-06	1.92396577182871e-05
SF3B2	1.04325418998389	0.218500905559307	4.77459893044114	1.80065749094366e-06	1.98990506293802e-05
TMEM192	-1.30339026792021	0.273244242706602	-4.77005573844693	1.84174950043175e-06	2.02956632801815e-05
PTGS2	2.58765724049185	0.542642485749476	4.76862263543165	1.85489743869599e-06	2.03257160346996e-05
TUBA3FP	-1.16543326181152	0.244374784022436	-4.7690405803265	1.85105373569251e-06	2.03257160346996e-05
PRKX	-1.3570368076786	0.284621276381324	-4.76786846342609	1.86185272575103e-06	2.03447828659797e-05
INADL	-1.19292512773398	0.250594219412752	-4.76038565665841	1.93223380453136e-06	2.10548717080358e-05
DBNL	1.31828823971199	0.277191799915941	4.75587026784979	1.9759333645717e-06	2.14114334866505e-05
IL10	-1.43676521727053	0.30238206595771	-4.75148951945936	2.01923627224674e-06	2.17597809337971e-05
ITIH5	-1.27564943373293	0.268450370186648	-4.75190044568013	2.01513591066151e-06	2.17597809337971e-05
FTH1	1.64222571325273	0.346217496819073	4.74333541297287	2.10227756394898e-06	2.24684514437397e-05
TPM4	2.57154279042959	0.542939971217357	4.73632984630655	2.17623291105353e-06	2.30128940888031e-05
PPP1R15B	1.1217081981015	0.236833390426503	4.73627555675939	2.17681566746177e-06	2.30128940888031e-05
BRAT1	2.1797044786723	0.460518115466136	4.73315686282179	2.21054518670202e-06	2.330631560358e-05
LINC00598	-1.25400695151333	0.265802982852712	-4.7178061662619	2.38401467146841e-06	2.50001108424684e-05
PARK2	-1.2962733076076	0.275646101861032	-4.70267237176865	2.56778277930151e-06	2.67832102193989e-05
RNF13	1.02133199844442	0.21765047182405	4.69253289407099	2.69843130263532e-06	2.79962247648414e-05
ZNF260	-1.43099835801312	0.305228317404442	-4.68828832849404	2.75499676510464e-06	2.85072742192924e-05
TPTE2P1	-1.45050672610935	0.310775030278094	-4.6673850367302	3.05057335307675e-06	3.13991732199272e-05
C14orf2	-1.05899051525405	0.226975496631127	-4.66566008653826	3.07627881634472e-06	3.15804306909493e-05
LOC284551	-1.06315977879201	0.228097583152135	-4.66098660099749	3.14697212635411e-06	3.2137011164679e-05
DUSP6	1.81262785392891	0.389931156469414	4.64858430483252	3.3422101562509e-06	3.39530255717051e-05
ZNF681	-1.09408005968468	0.236313731998913	-4.62977775531772	3.66058405857014e-06	3.6803964980624e-05
LPIN3	-1.06461275432472	0.230800085777827	-4.6127051934874	3.97461848748332e-06	3.98585776855333e-05
IL1RAP	1.94463064114354	0.421948674448052	4.60869001114246	4.05213952768402e-06	4.05317853781932e-05
C9orf85	-1.37456051169011	0.298571185385348	-4.60379493726445	4.14860970269176e-06	4.12850164545932e-05
TMEM181	-1.57948548348613	0.343382754742854	-4.59978103638009	4.22935259761341e-06	4.19814363442491e-05
TMEM19	-1.02886590710204	0.223738047611287	-4.59852903020564	4.25484433092448e-06	4.2127278515067e-05
STX4	1.91696825332594	0.419185140137512	4.5730825589311	4.80600657397116e-06	4.69880492357431e-05
LOC151475	-1.0806726545866	0.23637125316344	-4.57192928549293	4.83254037607002e-06	4.71293500176228e-05
HCAR2	1.63565731850686	0.358832864658231	4.55827065914025	5.1576543572379e-06	5.0174587649838e-05
TTC39C	-1.01041691707137	0.221852692732953	-4.55444964234723	5.25229044475087e-06	5.09681219526696e-05
KDM6A	1.03310477800706	0.226992320108126	4.55127634941546	5.33214577148883e-06	5.1614641822774e-05
CD82	1.2954671798754	0.284712352812318	4.55009123095329	5.3622661393861e-06	5.17777232914485e-05
CEBPD	-1.44006129386463	0.316561831578902	-4.54906798675663	5.38840337425327e-06	5.19016334887951e-05
KIF3A	-1.29217882632252	0.284432556758275	-4.54300605053688	5.54576590976227e-06	5.31548717788271e-05
LINC00665	-1.02966245117777	0.226928422240551	-4.53738866648574	5.69550809492889e-06	5.43231713406298e-05
ARHGAP15	1.20107857802145	0.264798601301932	4.53581919283608	5.73803232002696e-06	5.45952782449394e-05
EIF4A1	2.00389744911992	0.442414014279477	4.52946196196677	5.91340787447038e-06	5.61270173194865e-05
ATP1B2	-1.18056697878447	0.260819955444707	-4.52636753492104	6.00061829001068e-06	5.68165338576011e-05
XRCC6	1.54303136828261	0.341921301058147	4.51282609041138	6.39694737961098e-06	5.99867299389866e-05
MAPK14	-1.53742611536084	0.3416467724842	-4.50004577588082	6.79388306051211e-06	6.29523463635576e-05
DCUN1D2	-1.75272841346213	0.389894066814725	-4.4953964746917	6.94404372096257e-06	6.4191266719135e-05
LOC100130954	-1.21132022779746	0.270213281599396	-4.48283008380505	7.36595795680063e-06	6.7770287711036e-05
RNF40	1.06220197685416	0.237262071299784	4.47691437166985	7.57296054727136e-06	6.90236427451065e-05
NFKB2	1.21786752972975	0.272082634241615	4.47609430540967	7.60209158095244e-06	6.90491633198981e-05
FAM157B	-1.27932887961666	0.285913050727904	-4.47453824286659	7.6576620466717e-06	6.93098367611747e-05
HCAR3	1.34284032092416	0.300199191294768	4.47316435175076	7.70704942687967e-06	6.95953699404111e-05
CST7	-1.66802191360467	0.3729775332711	-4.47217798609941	7.74269404364545e-06	6.97557724347827e-05
AXL	-1.07671515676841	0.240919155869361	-4.46919695066614	7.85138120939054e-06	7.05719771839459e-05
CARD16	-1.1195990772393	0.2522880567113	-4.43778073299953	9.08911373139384e-06	8.05832560594713e-05
PTAFR	1.18610794025764	0.267504440983003	4.43397476280778	9.2511460345767e-06	8.16486893232663e-05
METTL2B	-1.25528883069544	0.283164478310458	-4.43307309654552	9.28993523215432e-06	8.16909753993254e-05
NFE2L2	1.19582005140415	0.269760805889533	4.43289026906983	9.29781929692399e-06	8.16909753993254e-05
FGL2	2.3771852693757	0.536511690701566	4.43081727868256	9.38766113798973e-06	8.21104621060492e-05
SF3A1	1.0152495802352	0.229457937698131	4.42455637150734	9.66406674338342e-06	8.41507240311132e-05
SNW1	1.11205648511451	0.251812025645237	4.4162167484456	1.00443370298172e-05	8.68801746193276e-05
SWSAP1	-1.20082518701702	0.271965269705813	-4.41536225679094	1.00840974822011e-05	8.70311156594394e-05
ENTPD3-AS1	-1.2022783472548	0.272874296892503	-4.40597872700495	1.05307298513029e-05	9.02865431866647e-05
CNEP1R1	-1.29030188896775	0.293445035744261	-4.3970820146784	1.09715896040616e-05	9.36677421959691e-05
GLUL	1.4875763009516	0.338488119528022	4.39476665540234	1.1089180637822e-05	9.44517328998773e-05
DNASE1	-1.13979773050559	0.25953110867929	-4.39175764441428	1.12437992317067e-05	9.55600453221953e-05
SURF4	1.56309770317593	0.35679575939618	4.38093128074512	1.1817313979011e-05	9.99985723039525e-05
C19orf35	-1.51456372219155	0.346151034713028	-4.37544184563014	1.21186748889838e-05	0.000102326733207632
LOH12CR2	-1.58435747991728	0.362537022688387	-4.37019498910346	1.24135637893772e-05	0.000104590307434904
P4HB	1.92070088675315	0.439668143204075	4.36852411629387	1.2508900599356e-05	0.000104940260727071
ROMO1	-1.26659928133553	0.289910358001123	-4.36893421148692	1.24854368626535e-05	0.000104940260727071
ADAM10	1.05342826931231	0.241478365374348	4.36241262309047	1.28635967090381e-05	0.000106995502690741
PTMA	1.94293129575864	0.445868223639193	4.35763571554922	1.31474973523379e-05	0.000108661837227691
GTPBP3	-1.00473013265987	0.231067332883254	-4.34821365756407	1.37250863067051e-05	0.000112956881186617
CNNM3	-1.0492064119655	0.241727938202552	-4.3404433089829	1.42195551833352e-05	0.000116534631870149
DPYSL5	-1.0197683478189	0.235914995741215	-4.32260927125431	1.54194671115064e-05	0.000125315294170805
CHPF2	1.48899984229529	0.344577045883793	4.32123921219478	1.55155354560467e-05	0.000125833895663281
HSPA8	1.5527005824117	0.360481730322004	4.30729341269177	1.65264324935101e-05	0.000133201680076824
SGK1	1.66220257057887	0.385979740876083	4.30645029919462	1.65895181505267e-05	0.000133434454237536
LOC727896	-1.06054153139388	0.246670557946601	-4.29942486943846	1.71241913333183e-05	0.000137014762524871
RAB11FIP4	1.27257898147413	0.296210679428193	4.29619547793052	1.737543779705e-05	0.0001383297609108
SULT2A1	-1.0803271720175	0.25165282642125	-4.29292683647074	1.76333124554873e-05	0.000140096847024147
ATP2B1	1.97006547944217	0.459983995586051	4.28290005379899	1.84473047977903e-05	0.000145379668719555
DPY19L1P1	-1.14892790709112	0.268406035487443	-4.2805591349859	1.86424341163207e-05	0.000146326228345608
CIB1	2.28550908103082	0.533995857186503	4.28001275716374	1.86882600867387e-05	0.000146391370679453
SCAMP2	1.2116245941335	0.283158699726521	4.27895945031426	1.87769063557909e-05	0.00014649742338788
HDLBP	1.38918649986338	0.325173272219997	4.27214232700997	1.93603935736824e-05	0.000150748294073723
SOD2	1.08467030183669	0.254164763836351	4.26758723540087	1.97598509712373e-05	0.000153552148682862
TIMP1	2.27713894651004	0.53438534129436	4.26123018456022	2.03304700558395e-05	0.000157047848886792
EIF3A	1.50867793311641	0.354037477114799	4.26135093214217	2.03194868474935e-05	0.000157047848886792
SLC22A18	1.41380446289797	0.331730812391014	4.26190275394589	2.02693649672467e-05	0.000157047848886792
LPCAT1	2.97575401595345	0.701017123069639	4.24490917272193	2.18681981818711e-05	0.00016759890197933
GAK	1.03124951252214	0.242916046602029	4.24529184855229	2.18309086331466e-05	0.00016759890197933
LOC100505876	-1.35358949639824	0.318919022310862	-4.2443046720457	2.19272268373083e-05	0.000167721788024195
PPIG	1.29999429961258	0.306452090259348	4.24208005405477	2.21457664317226e-05	0.000169061907730235
IL1RN	1.96174071867044	0.462684180384819	4.23991310236465	2.23606331604121e-05	0.000170106056609186
IL8	2.09158399688735	0.493318873117261	4.23982156545262	2.23697531506057e-05	0.000170106056609186
BCDIN3D-AS1	-1.37524562750793	0.325661695784444	-4.22292718274796	2.41149748360801e-05	0.00018231107913866
ATP6V0D2	-1.07545778997872	0.255796935865871	-4.20434195717906	2.61842819886528e-05	0.000196432469303336
BTF3	1.08106467111533	0.257667652638008	4.19557775315358	2.72176893798993e-05	0.000202626347845396
PPCDC	1.19846219431689	0.285732103306073	4.19435611347148	2.7364778757035e-05	0.000203333337011797
ZC3H12A	1.48566349192277	0.355196101200805	4.18265709251935	2.88121799185271e-05	0.000213275737878889
TNFRSF14	1.00360654447581	0.240016274925808	4.18141038471678	2.89706432939383e-05	0.00021404257479101
CMTM6	1.04294413598763	0.250922445514509	4.15644018552866	3.23244750027904e-05	0.00023702589659001
ARSG	1.53391150009712	0.37046478573532	4.14050554643818	3.46541229303872e-05	0.000252212189461642
NPC2	1.27453803915581	0.308487898935586	4.13156575526466	3.60300590844255e-05	0.000261251413547108
DNAJB14	1.33938357092874	0.324545726428969	4.12694872203743	3.67608322688818e-05	0.000265562975335015
IRAK1	2.79177393533377	0.677751705966524	4.11916917472379	3.80240912531167e-05	0.000273675239812561
RAB2B	-1.35415052330348	0.329465539165702	-4.11014313282222	3.9541394097262e-05	0.000283029318116365
CCDC90A	-1.06594732565498	0.259744166759435	-4.10383547378071	4.06356496568457e-05	0.000289269469546268
SNRNP200	1.25034658233799	0.305032302834686	4.099062855699	4.14826377309683e-05	0.000294760965006389
TMCC3	1.06614087235639	0.260891037309256	4.0865369824591	4.37859718021825e-05	0.000309436731884627
PAR-SN	-1.01990654344774	0.249825361084436	-4.08247801192225	4.45580289732848e-05	0.000313756084882281
HSP90B1	2.09724180564552	0.51378435686237	4.08194951370876	4.46594995559942e-05	0.00031390397796024
GPCPD1	1.55313176363444	0.380895386415157	4.07758092911529	4.55066925965915e-05	0.000318710247431424
EPS15L1	1.1888337655141	0.291915830255526	4.07252242700735	4.65067204861172e-05	0.000323391651722537
HIST1H2BC	-1.13431637244977	0.278807572648623	-4.06845610997566	4.73256730582262e-05	0.000327335905319398
CHD1	1.33451724362211	0.328605175574011	4.06115710530416	4.88300969023771e-05	0.000335363042281995
GBP5	1.81387592802341	0.446638565458249	4.06117175788969	4.88270318873776e-05	0.000335363042281995
RRP15	-1.19079095225521	0.293205167963824	-4.06128909843136	4.88024932733493e-05	0.000335363042281995
INSIG1	2.45248648278429	0.604507662762572	4.05699817199429	4.97074708942952e-05	0.000340190954313413
KDM4A-AS1	-1.20320753426242	0.296748380595741	-4.05463892287096	5.02118025727855e-05	0.000343040703741569
THAP9-AS1	1.64667759429452	0.406164595771388	4.05421253215622	5.0303467162403e-05	0.000343066128322612
TUBA1A	1.47879282635737	0.365136329815374	4.04997450433131	5.12232134244197e-05	0.000348559171493612
SPRYD7	-1.08668998811339	0.268339685473937	-4.04968048685792	5.12876094430488e-05	0.000348559171493612
UCKL1-AS1	-1.69415585927752	0.418535061883087	-4.04782302265218	5.16962100874847e-05	0.000350725070523961
ESRG	-1.08638705348193	0.269015448798856	-4.03838165552426	5.38212348505988e-05	0.000363246777079906
PGM2L1	-1.30077808168608	0.322255297456498	-4.03648316087551	5.42584181514074e-05	0.000364934636566621
NUCB1	1.1491356691582	0.284800894515669	4.03487380582991	5.46316515473943e-05	0.000366812517532505
CEBPB	-1.5239252815504	0.379212981789777	-4.01865272216659	5.85318654192068e-05	0.000391651469983406
CCDC30	-1.28266533700684	0.319793006199308	-4.0109236666903	6.04816640482984e-05	0.000402626231147461
FAM41C	-1.16511436762761	0.290698409982402	-4.0079832830807	6.1239453898638e-05	0.000406284200099637
DNAJC27-AS1	-1.15029296478969	0.288277924268135	-3.990222170879	6.60114325515236e-05	0.000434250587493244
ARAF	1.09933829693636	0.276242876471101	3.97960776755581	6.90290632977828e-05	0.000450902226962214
PLAUR	1.8872474919006	0.474267078115996	3.97929263696228	6.91206182320954e-05	0.000450902226962214
SMARCA5	1.31369082413621	0.330187556601621	3.97862002328941	6.93164172266252e-05	0.00045142461369126
ZNF526	-1.01638613115585	0.255636080511143	-3.97591032190601	7.01105439505981e-05	0.000455076925043732
TMBIM1	1.13127371595843	0.285389751620336	3.96396054706058	7.37164407545876e-05	0.000474534381821199
CANT1	1.12845030589284	0.286230045554302	3.94245930299709	8.06503386114114e-05	0.000514921392672858
CNIH4	-1.49167612340134	0.379986177246338	-3.92560627918398	8.65115618996899e-05	0.000549644304512525
PDE4B	1.70096901512406	0.435844112314779	3.90270045427521	9.51253993870798e-05	0.000598522875820965
SUPT20H	1.18677803357336	0.304139855792686	3.90207995094966	9.53696440578606e-05	0.000599093367906142
BCAS2	1.17050369203319	0.300060455402143	3.90089287328605	9.58385566921853e-05	0.00060045228728462
AZIN1	1.14656445522097	0.295359972066298	3.88192227673831	0.000103634003054201	0.000644778701617925
COPB1	1.15875809618391	0.298674073550306	3.87967419605552	0.000104596471721969	0.00064973063087166
SERINC3	1.06832221555421	0.275587729169095	3.87652316296967	0.000105959726982273	0.000657152456212795
SLC3A2	2.55544595626638	0.659586763883323	3.87431357964366	0.000106925657823094	0.000662090462171251
MX2	1.03708161057833	0.267781549485318	3.87286432755214	0.000107563711469198	0.000664985797846815
EIF5A2	-1.3196942773197	0.340831246565164	-3.87198735626309	0.000107951553328898	0.000666327546734227
SQSTM1	1.76988895081657	0.459324132008185	3.85324616644577	0.000116562095352285	0.000713828467769644
HIST2H2BF	-1.50812278325201	0.391489040255915	-3.85227331591749	0.000117026295639031	0.000715547929918274
LOC338758	1.34221504070384	0.348646464332956	3.84978818951117	0.00011822001277469	0.000721715602244232
EIF4A3	1.34612512051459	0.350110922325954	3.84485325842347	0.000120624600016342	0.000735244632287111
TPT1	1.28108207871301	0.333685314878706	3.83919226166329	0.000123439742397347	0.000747730489273373
STRN3	-1.3133428487545	0.342081755662326	-3.83926598544156	0.000123402685697015	0.000747730489273373
FOSB	1.5053155400883	0.392726760821536	3.83298438064002	0.000126597994566819	0.000763469909237331
TM9SF1	1.29840153597732	0.338762483207962	3.83277842245667	0.000126704069651152	0.000763469909237331
USP16	1.58435221150963	0.41339356694126	3.83255168490503	0.000126820943651831	0.000763469909237331
AP2M1	1.0378873736533	0.271006717811584	3.82974777169504	0.000128274670214926	0.000768662808768704
HMGN2	1.01677127255774	0.265584184732256	3.82843305817618	0.00012896169630745	0.000771409929907543
CSRNP1	1.25910247494672	0.328909290422576	3.82811465534785	0.000129128604006569	0.000771409929907543
NLN	-1.57393530774844	0.411423201612677	-3.82558713650325	0.000130460777476352	0.000778176594702214
CASP10	-1.44511529601729	0.378137078948731	-3.82167043770183	0.00013255075484575	0.000788232461361695
ALDOA	1.11412785644099	0.29188983467446	3.81694640953686	0.000135113502546116	0.000801030050809118
SSFA2	1.20126119523562	0.314836897491009	3.81550321709014	0.000135905685292947	0.00080328496716331
CDK5RAP3	1.0518183390599	0.275963632278349	3.81143823327773	0.00013816058055593	0.000814145656720065
SLC4A1	-1.26386561479566	0.331667708377505	-3.81063812626922	0.000138608540475239	0.000815553418392014
TREM1	1.04279875121768	0.273806263447412	3.8085277454508	0.000139796662315963	0.000820183273560151
HPSE	1.33944925375502	0.351734854375368	3.80812204731231	0.000140026162571407	0.000820183273560151
CD44	1.44189992936485	0.380273759762807	3.7917418500404	0.000149594370059126	0.000872298411959116
RPL10	1.38388716665786	0.365370568621625	3.78762627728507	0.000152093390213397	0.000884226997350913
LOC606724	-1.08243772982331	0.286099578157973	-3.78343000990247	0.000154681835591452	0.000895272760596819
VPS26A	1.46844314322937	0.388620064648698	3.77860866385477	0.000157707032985222	0.000907396955273378
CHMP2B	1.15027938242946	0.304704688677712	3.77506295495872	0.000159967258559188	0.000919046061324582
MED25	1.25343094264698	0.333121568200247	3.76268324329427	0.000168100056396246	0.000961522463345685
PPIF	1.80101845026569	0.478761493621176	3.76182812164663	0.000168675950705939	0.000961995444011501
FCHO2	1.02842578909196	0.27386440071441	3.75523721377873	0.000173177379614757	0.000983355106080304
APLP2	1.63735636994066	0.437859621411176	3.73945504420717	0.000184419624744148	0.00104415233109858
S100A12	-1.37938668296434	0.368872644102795	-3.73946592412512	0.00018441164345241	0.00104415233109858
ICAM1	2.0266976062118	0.54235655653909	3.73683618604087	0.000186350241901126	0.00105355404877723
PGK1	1.34424693450146	0.360048877283483	3.7335123626648	0.00018882792080971	0.00106447647265705
ACOT13	-1.04615621348861	0.280345338514084	-3.7316697293187	0.000190214782631258	0.00107074728289255
RPL3	1.09485655283488	0.29375172409211	3.72714936812278	0.000193657699457931	0.00108699091451135
SYTL3	1.33080539334963	0.357036729626029	3.72736271347644	0.000193493897621081	0.00108699091451135
HSPA5	1.33719311470827	0.35908833326288	3.7238556389671	0.000196203145001803	0.00109811831944338
ZNF780B	-1.2126123010457	0.325795354600607	-3.72200611188038	0.000197646237797689	0.00110303000522001
ATP7A	1.53113283143818	0.412831610361417	3.70885560361459	0.000208198110674985	0.00115441235253877
RHBDD2	1.45295435145493	0.392289985362058	3.70377630240535	0.000212413585941414	0.00117203026698367
SIPA1L1	1.22440135887483	0.330836767802862	3.70092286599906	0.000214816773582971	0.00118361614936041
PAXBP1-AS1	-1.67031034909426	0.452509428983692	-3.69121667330926	0.000223183911306344	0.00122109458345869
IRS2	-1.36617620937768	0.37008071882141	-3.69156278589309	0.000222880360490156	0.00122109458345869
ATAD3C	-1.03335490635065	0.280617817923057	-3.68242798692842	0.000231023138541967	0.00125693342183015
CSTA	-1.24375553716341	0.338027442250774	-3.67945137495878	0.000233736249204715	0.00126675344368074
TNFAIP2	1.07518968589175	0.293035842317013	3.6691405303539	0.000243367278851077	0.00130843244486476
LOC100505783	-1.0768534425859	0.294393500659293	-3.657870979401	0.000254319003329817	0.00135717979752342
VPS37B	1.09990963747237	0.301131190296872	3.6525928662123	0.00025960566378553	0.00138161213428015
MATR3	1.29911491022084	0.35574072261425	3.65185886134702	0.000260348966200222	0.0013819186453564
KDM5B	1.15270947138133	0.315995231063022	3.64786983494518	0.000264423532890141	0.00139961492782149
ADPGK	1.04482806577137	0.28648025544207	3.64712068606293	0.000265195383572605	0.0014017983622178
SNX13	1.20909923079702	0.331686103744517	3.64531168821089	0.000267067917172565	0.00140788100660834
PSMC4	1.08048210378201	0.296612360763625	3.64274132406458	0.00026974988368256	0.00142010026483896
H6PD	-1.48396935693788	0.407597007344806	-3.64077588941304	0.0002718176654913	0.00142713420333992
ATP6V0A2	-1.32842495044511	0.365631410184103	-3.63323531141982	0.000279889549095436	0.00145969135163275
ZNF548	-1.40494098539756	0.386676834794155	-3.63337251931699	0.000279740688161867	0.00145969135163275
SNN	1.16042731904332	0.319776022152713	3.62887533352685	0.000284658656625093	0.00148060455932598
HSH2D	1.4003016195291	0.387040202160157	3.6179745972478	0.000296917530510965	0.00154231063451834
ZFP36L2	-1.56967927389977	0.434285983253318	-3.61439082638819	0.000301054639554713	0.0015596469440942
FXR1	1.36205798581748	0.376994044298337	3.6129429799151	0.000302741295769059	0.00156630476763276
RNASET2	1.16982452597322	0.324498441906502	3.6050235529645	0.000312124619937237	0.00160421362631773
KLF10	1.79960044949847	0.499677733970005	3.60152219551672	0.000316359407142271	0.00162383953587105
NUB1	1.52748443905908	0.424320152055287	3.5998394883212	0.000318413671891428	0.00163223618140402
GTF2H2B	-1.24723522510002	0.347236645161225	-3.59188824820294	0.000328290631969958	0.00167845577367603
ZSWIM1	-1.11465156567215	0.310603074479059	-3.58866880999692	0.000332370750245719	0.00169487359046869
NAIP	-1.25223441675092	0.349368719411835	-3.58427743290547	0.000338012654255162	0.00172139342591304
MRVI1	1.13101858822842	0.317354313323843	3.56389858509431	0.000365387172683753	0.00184157023338414
ARIH2	1.7586840945818	0.493614500002489	3.56286959676617	0.00036682292283562	0.00184404152317236
LDHA	2.17231140232481	0.611195156040128	3.55420258301619	0.000379127055259562	0.00189737475747695
PMAIP1	1.33947663232934	0.376889639902782	3.55402879387944	0.000379377675168425	0.00189737475747695
TSPO	-1.03702537706986	0.29258434639311	-3.54436383851014	0.000393561728255358	0.0019557761807951
BNIP3L	1.34419254251982	0.379577119176827	3.54128970006125	0.000398176130795429	0.00197367863562004
FFAR2	1.21679514581449	0.344414737785926	3.53293576702518	0.000410972309709148	0.00203194294065321
POLDIP3	1.0484206231712	0.29700506266023	3.52997559631023	0.000415597999202104	0.00204926368078346
MASTL	-1.00186440973975	0.284939153564172	-3.51606438500253	0.000437994754538606	0.00214920444962906
NCOA4	1.61320434552737	0.458916787187035	3.5152437011852	0.000439350613545788	0.00215314917517854
TRIM66	-1.21652854235342	0.346182453517605	-3.51412536941753	0.000441204527227832	0.00215952178257939
CD68	2.14770881699779	0.611708048130908	3.51100304068285	0.000446419292083109	0.00218230784262683
MICU1	1.06889009678128	0.305616195895187	3.49749166156058	0.000469655394400817	0.00227593253858085
RELA	1.12496200408305	0.322073289442765	3.49287581726941	0.000477848671841127	0.00231276385713677
SERPINB9	2.38896203871159	0.68577163174887	3.48361163995542	0.000494696752926915	0.0023824839915653
ARF4	1.23769859540005	0.35584131557817	3.47823184440806	0.000504733164284178	0.00242185002936357
TMED9	1.27177660339216	0.367041110326322	3.4649432110247	0.000530343456184223	0.00252301197874958
TMEM45B	1.51186117956666	0.4363103822797	3.46510475333468	0.000530024983907047	0.00252301197874958
AFTPH	1.05044318615827	0.303334821375707	3.46298252668198	0.000534223086526561	0.0025383730335446
MIF	2.81889161644331	0.816080040081287	3.45418522448182	0.000551958141154327	0.00260676599109326
SUPT6H	1.44277030001377	0.418058389725911	3.45112150711695	0.000558262174039162	0.0026301699769647
LPIN2	1.28428678899331	0.373620631708854	3.43740864394796	0.000587308801755034	0.00275371590822883
MRPL30	-1.12263562276521	0.326789735980847	-3.43534541987881	0.00059179897880122	0.00276811488765415
DNAJB11	1.36720769402829	0.398154565642587	3.43386165074293	0.000595047824482198	0.00277997792012581
PBXIP1	1.38800568219593	0.406496148925916	3.41456047213104	0.000638850104147084	0.00295150076235922
ZNF527	-1.12536094155634	0.330462513936353	-3.4054117913449	0.000660643521622629	0.00304270410608014
RPL14	1.28938653486945	0.379340454237414	3.39902196158197	0.000676272858334538	0.0031073503184488
TYMP	1.07241741461415	0.316181649441582	3.39177626692812	0.000694411178507027	0.00317201171821535
TNFRSF1B	1.15893771097507	0.341984378848428	3.38886154647644	0.000701834379848875	0.00319842980816643
RPL11	1.06097503224106	0.313824873056537	3.38078693988645	0.000722785642280973	0.00327858929132334
IVNS1ABP	1.987785253996	0.588533931624316	3.37752021962411	0.000731425754792184	0.00331392783907586
KDELR2	1.22472494428574	0.363006559226617	3.37383695461319	0.000741282602680256	0.00334305599197188
KLHL2	-1.2003628826034	0.356560856981161	-3.36650212467608	0.00076127995755519	0.00342569554837645
ZNF234	-1.0366931474474	0.308735030840889	-3.3578733991533	0.000785445782291123	0.00352998156303879
RLIM	1.01259858740249	0.302099366673746	3.35187259262298	0.000802669489928922	0.00359496404157603
CXCL16	1.69302843444486	0.505363907556263	3.35011742851139	0.000807773077931761	0.00360953353609599
SLC25A34	-1.05700109476777	0.315745681090164	-3.34763437180931	0.000815044646269357	0.00363785945663245
OCLN	-1.10638039581244	0.331168183274515	-3.34084145666652	0.000835249039574995	0.00370262102657052
METTL6	-1.11859490575723	0.334820166431264	-3.34088271229287	0.000835124941560468	0.00370262102657052
SCN3B	-1.048509426955	0.313875861232333	-3.34052266025925	0.000836208564544737	0.0037026669810318
POLR2J3	1.07197090744111	0.320959391921131	3.33989574514312	0.000838098459418691	0.00370682776665795
SH3BP5	1.41422360915298	0.424005095237197	3.33539295880827	0.000851789394938627	0.00375461065497806
ARL17A	-1.96329188631214	0.589186515537236	-3.33220777213809	0.000861599045574924	0.00378502013151777
ARFIP1	1.17731826855647	0.354028861352727	3.3254866963614	0.000882643123233972	0.00386441169891776
C17orf103	-1.09660261015968	0.33009985626915	-3.32203298284853	0.000893641296771287	0.00389943478602325
KLHL24	1.11144045833614	0.335254675730323	3.3152124005876	0.000915735160134867	0.00397804327359256
ODF3B	1.31108252041684	0.395984823269806	3.31094133757628	0.000929826988546175	0.00402581030224043
CPSF7	1.04161812309715	0.31502897677016	3.30642004356666	0.000944963150030349	0.00408680847923325
RPL6	1.0483717846489	0.317468602979313	3.3022849340387	0.000959005982541851	0.00413379263855885
GAPDH	1.62551838865484	0.492502457790956	3.30052848049906	0.00096502918337154	0.00415516428734258
MORF4L2	1.48320256575791	0.449472540586717	3.29987358921151	0.000967283878210836	0.00416028049492885
GAA	1.17065053318057	0.354803089495132	3.29943725925934	0.0009687888053652	0.00416216423979036
NFKBID	1.4630869361676	0.444054667377406	3.29483517155357	0.00098479425194236	0.00422162898552434
PTBP1	1.17243488860697	0.357249806025037	3.28183492008614	0.00103133964552507	0.00438741107654665
PRKACA	-1.13348733410612	0.345625654301986	-3.27952314881045	0.00103982679042071	0.00441869750482701
TIMP2	-1.14275709818636	0.348945132211971	-3.27489049909478	0.00105702937003034	0.00447716783114915
USMG5	-1.01898437840505	0.311715457943906	-3.26895684008209	0.0010794476561719	0.00455727847048329
GNB4	-1.09924676113522	0.337561773612042	-3.25643140623671	0.00112822187102159	0.00474778157373809
HIAT1	1.00895535314731	0.310756970386971	3.24676660314621	0.00116724068264257	0.00490668739546194
PER2	-1.12959293903711	0.348235338118784	-3.24376309750565	0.00117961812545572	0.00494805409398148
LOC100129250	-1.27710665523183	0.393866259877863	-3.2424880862551	0.00118490902232079	0.00495426591219015
PHOSPHO1	1.64750020856202	0.508925608842446	3.23721223679284	0.00120703605607088	0.0050413786453239
KDM3A	1.40237157631026	0.433466046791395	3.2352512652165	0.00121535726479578	0.00507070448124955
RPS16	1.16815647719865	0.361551210675636	3.23095717205787	0.00123376424845042	0.00512811565640311
MAB21L3	-1.48456605802994	0.461441339332554	-3.21723680019063	0.00129431722652026	0.00534865625069441
MGC2752	1.07743663489735	0.335139612435514	3.21488894454296	0.00130494997049498	0.00538688871418087
PRKDC	1.27370153056754	0.39642316983029	3.21298457684201	0.00131363343532679	0.00541128197593432
SYAP1	1.75927742622837	0.5498739817394	3.19941929360486	0.00137704736047897	0.00562498612903503
RLF	1.71027582890069	0.534729142319979	3.19839652179883	0.00138194118851343	0.00563907173262647
AP2A1	1.05372123831158	0.32948915407195	3.19804529311299	0.00138362546779508	0.0056400448796955
CANX	1.50528440662376	0.47253315973248	3.18556354325685	0.00144472372913381	0.00586458612627574
SNRPB	1.00319509924921	0.315056526335249	3.18417495082049	0.001451672461148	0.00588666764130807
SLC26A8	-1.51858667758315	0.477569431607458	-3.17982386869218	0.00147364592599218	0.00596337422955963
ETF1	1.60582916093051	0.50546638715182	3.17692571009315	0.0014884515858478	0.00600460148541081
LILRA3	1.34414282560522	0.424758243084852	3.1644890887655	0.00155355487137539	0.00624785314766534
HIVEP1	1.07736360253265	0.340522242507244	3.16385677070635	0.00155693396041604	0.00625499421172292
RANBP2	1.92711863073533	0.609652045700242	3.16101396579725	0.00157220960093813	0.0062969168701312
NDUFB3	-1.06379274402081	0.3380552197446	-3.14680171134319	0.00165066862328022	0.00655194982205158
IFIT2	1.36890713706566	0.435517781537127	3.14317163408165	0.00167127812369053	0.00661894006143835
PNPLA8	1.24192861835849	0.39606278113844	3.13568625354976	0.00171452519046535	0.00676275305157262
CDK5RAP2	-1.4511940796911	0.462918302690573	-3.13488162221383	0.00171923473124714	0.00676838463776801
ENO1	1.63716836872952	0.52265757479242	3.13239192865375	0.00173388247214599	0.00679786484808192
RAB22A	1.22604916071257	0.392357145181907	3.12482944625397	0.00177908178784814	0.00696108129829047
NBN	1.18439858111889	0.37913992463917	3.12390888995954	0.00178465708581333	0.00697589908993768
CPPED1	1.13535914750954	0.364277144585409	3.11674549003539	0.00182859363096008	0.0071191055432887
EOGT	-1.07227721630212	0.345015929294479	-3.10790640448056	0.00188417728859144	0.0072920342428121
DHRSX	1.21714344524403	0.39170745391355	3.10727670123084	0.00188819573288834	0.0073001502021778
UBE2L6	1.28029748080498	0.412398015575368	3.10451901427978	0.00190588677085732	0.00736125177536079
CCDC71L	-1.46313223713466	0.473090698710939	-3.09270979353716	0.00198337987388002	0.00760783174828513
NAPA	1.10356091110226	0.357696677053878	3.08518636569844	0.00203424643805489	0.00774960483872277
HMGN1	1.28886253254566	0.419127151690766	3.07511104290516	0.00210424193779104	0.00796183103717055
DMXL2	1.11797741358361	0.363651397953809	3.07431078190333	0.00210989514596411	0.00797548543062595
MCOLN1	1.83189258482474	0.597792667017331	3.06442799635685	0.00218086664555712	0.00817248874574286
RPS29	-1.07314972039908	0.351479165048642	-3.053238504907	0.00226385930529944	0.00843923768624383
PRPF4	1.47144952429841	0.483435627756412	3.04373413918062	0.00233661534744544	0.00864915488445915
IFIT3	1.80297793102843	0.592306491130245	3.04399488782905	0.00233459107572241	0.00864915488445915
ARHGDIA	1.0726037200018	0.352401408432929	3.04369873199852	0.00233689034817225	0.00864915488445915
ZNF440	-1.31250291885266	0.43154718319398	-3.04138914576738	0.00235489260877923	0.00868283182121719
ZNF554	-1.22594429219097	0.40708801050074	-3.01149692589323	0.00259963034967636	0.00945121900660531
MAPKAPK3	1.16567783176861	0.387987407510738	3.00442181679916	0.00266086136117004	0.00959336429752711
EMD	1.49766254210599	0.499680530701253	2.99724013662123	0.00272436017446687	0.00980417808172993
SERTAD1	1.22028769153942	0.407940832122459	2.99133500608515	0.00277760592640029	0.0099682067331072
KCTD20	1.40638315657703	0.470390646377595	2.9898195625431	0.00279142288335768	0.00999939455278083
MSMO1	-1.31827627001628	0.441056576628063	-2.98890514249822	0.00279979038474674	0.010010982851418
PECAM1	1.0206667432542	0.341998388224824	2.98441974698206	0.00284116721069031	0.0101310724761453
MGAT4A	1.0482661988431	0.351959305661559	2.97837330049488	0.00289782809317626	0.0102861031769614
SLMO2	-1.01935225838971	0.342219603930166	-2.97864951827167	0.00289521735458776	0.0102861031769614
LOC284454	1.13758755834926	0.382420024192808	2.97470709268016	0.00293268427105597	0.0103720773720665
AP2B1	1.08737671756351	0.365539999766601	2.97471335081744	0.0029326244477057	0.0103720773720665
FAM210B	-1.01526910696778	0.341636818502182	-2.97177895350671	0.0029607976847172	0.0104620215290596
ATXN2L	1.18623912602665	0.399730874420052	2.96759445401283	0.00300140049054481	0.0105767509608088
WARS	1.21862977313415	0.416125800348469	2.92851289709424	0.00340587702616023	0.0117474149240062
GGA1	1.16168281275912	0.398091933278585	2.91812698436715	0.00352140912978071	0.0120711924563045
ZNF37A	-1.14994109523142	0.396727579980372	-2.89856605202066	0.00374873338277188	0.0127496154543968
EMB	-1.08548090600644	0.374760031693732	-2.89646924486745	0.00377387631429127	0.0128041667384456
LOC100506710	1.0599401148861	0.365949935556125	2.89640743692258	0.00377461977677836	0.0128041667384456
DNTTIP2	1.1765994683928	0.407216618610386	2.88936996826876	0.00386014618094018	0.0130829107314054
GZF1	1.6538183918193	0.572795091009541	2.88727752345865	0.00388591309796641	0.0131588081555269
OXSR1	1.32177236638892	0.460027974630877	2.87324345318238	0.00406280901542095	0.0136511782680079
TPI1	1.74688607432924	0.608884599748797	2.86899368952662	0.00411780014119582	0.0137884449363132
NKIRAS2	1.11393509261987	0.388828532862511	2.86484915193648	0.00417207934143242	0.0139582174193207
DDX21	1.45190509571897	0.507435969115275	2.86125774302202	0.00421963852253388	0.0140619692054043
RBM41	-1.01222225475258	0.353781992901164	-2.86114690703143	0.00422111405781298	0.0140619692054043
GTPBP1	1.10070323814629	0.385507923722301	2.8552026311635	0.00430093785683603	0.0142791136846956
CPD	1.36398809483784	0.478214238348262	2.85225320674059	0.00434105063890738	0.0143633914693619
IRAK3	-1.10343285499417	0.389117034314356	-2.83573515854549	0.0045720342280815	0.0149962258886258
GPX4	1.15238201734738	0.406756399037579	2.83310113884874	0.00460987979762771	0.0150991948703155
SIGLEC10	1.11731089085799	0.394493456709904	2.83226723245658	0.00462192034810446	0.015125932280164
ZEB1	1.15853209713219	0.411147589067874	2.81780102312831	0.0048353764974687	0.0156908869968865
HEXB	1.0786055876124	0.383499534655258	2.81253428007937	0.00491527839738364	0.0158860820448994
USP14	-1.16005100934749	0.412631086021495	-2.81135146780254	0.00493338628918234	0.0159050743091738
GPR65	1.15251133656666	0.413289624643775	2.78862876744132	0.00529317004748166	0.0169947788931901
ZNF516	-1.16870985976755	0.419875216858798	-2.7834694996075	0.00537809187996824	0.0172107763935653
EML4	1.07997560238798	0.388842209919403	2.77741349791174	0.00547934226857422	0.0174947708609215
GBP6	-1.04409039928601	0.375929447500544	-2.77735731060147	0.00548028966727662	0.0174947708609215
HIF1A	1.14020890509518	0.411122890267546	2.77340165699157	0.00554736044904024	0.0176655127442498
AGPAT6	1.95675785947192	0.70632033392732	2.77035470378129	0.00559952766923818	0.0178011206662605
FAM174A	1.03503481852744	0.374278997701082	2.765409827655	0.0056851320542762	0.0180160033661506
RNF169	-1.00671597272855	0.365867195597483	-2.75158851310656	0.00593069900675536	0.0185863595277066
SESN2	1.64971839017541	0.599564721448796	2.75152678461302	0.00593181687054467	0.0185863595277066
S100A4	-1.129838013464	0.412148855491912	-2.74133483184251	0.00611901163899259	0.0190049875825717
SIN3A	1.06621599224476	0.389928980953994	2.73438509144967	0.00624969048022248	0.0193492401296412
RABGEF1	1.37302796910132	0.502754120620899	2.73101286053237	0.00631400077107625	0.0195328445741225
RGS2	1.09079962003854	0.401355730410183	2.71778758191332	0.00657200152134791	0.0202072487226572
QSOX1	1.06506501946724	0.391897237918372	2.71771504470026	0.00657344235556318	0.0202072487226572
ATG2A	1.64508510719071	0.605896004453373	2.71512783563389	0.00662501919374603	0.0203177671971724
HSP90AB1	1.38691677139157	0.51185602622428	2.70958375077109	0.00673676946513568	0.0206280515569029
DNAJC14	1.25726736992587	0.466545869418876	2.69484192731554	0.00704220308240177	0.021462214237851
RHEB	1.10230535683502	0.409230637438867	2.69360418304381	0.00706840508852977	0.0215001698329522
KCNE3	-1.04701576818572	0.38887439662812	-2.69242659651614	0.00709341482908578	0.0215341721776371
RPS8	1.02034168428242	0.380794238022322	2.67950925303288	0.00737301654539338	0.0222433387712801
APH1B	-1.00117696738082	0.377693139794973	-2.65076820808633	0.00803089354027541	0.0239514646029162
STOM	-1.20538347412531	0.457071121605328	-2.63719018145745	0.00835959494361037	0.0247802278685593
MOAP1	1.06286128416708	0.403549862939482	2.6337793214081	0.00844403495386355	0.0249736014821999
CD97	1.10298306385014	0.420552460667494	2.62270029784037	0.0087235973313997	0.025722413597725
MOCS3	-1.2993527403165	0.496161683396087	-2.61880911767068	0.00882373065225734	0.0259392413522652
SEC16A	1.0756875613863	0.411739070338133	2.61254672893421	0.00898704056038368	0.026300409021798
LINC00476	-1.00588844899476	0.385609913527683	-2.6085648052784	0.00909227936469746	0.0265884421301985
PLK3	1.4709789709437	0.56427733801131	2.60683687232219	0.00913828844094268	0.026663024089841
SLC20A1	1.16934383674381	0.452382563863698	2.5848561154893	0.00974196425024882	0.0281090255475005
SULF2	1.17936157700127	0.458074196640707	2.57460818716734	0.0100353696458411	0.0288064584167964
NXPE3	-1.07000312823307	0.415885035478353	-2.57283392513112	0.0100869597156719	0.0289332572432618
CD83	1.57348949338723	0.613031805070714	2.5667338633527	0.0102661372062209	0.0293608513500497
TRAF3IP3	1.0525847848021	0.410682414127532	2.56301401908881	0.0103767858465467	0.0296168430536262
CLEC2D	-1.098925637576	0.43205294838526	-2.54349760066004	0.0109748810715838	0.0311180681242361
RASA4	1.18292450084669	0.465731698228145	2.53992696942697	0.0110875618164183	0.0313534476458353
POLB	1.02619637096331	0.406562634863915	2.52407939875439	0.0116001725251744	0.0326025021763007
MAP3K8	1.42979631209568	0.570719811363617	2.50525088428151	0.0122364562809035	0.0341937077018658
PURB	-1.10752749608476	0.443298567161701	-2.49837824465779	0.0124762992649396	0.0346899810638129
GADD45B	1.43242455611626	0.575088021631693	2.4907918479193	0.0127458767640571	0.0352386004653343
PLEKHB2	1.01324774911742	0.431186710552003	2.34990486562135	0.0187782098454356	0.049130648294463
