gene_name	logFC	lfcSE	stat	pvalue	padj
IL6R	-1.83677390785231	0.108583351175341	-16.9157968322996	3.44130490297998e-64	2.04413511237011e-61
HLA-DQA1	-8.37710363377748	0.548802712685642	-15.2643262143931	1.32186135308366e-52	1.96296410932924e-50
HLA-DQB1	-6.49907063150726	0.432652903702806	-15.0214423060282	5.31387615378592e-51	6.31288487069767e-49
ITGB2	1.00834688363817	0.0856495873690881	11.7729333510145	5.38199697799684e-32	3.99613275616266e-30
CD19	-1.51723538072082	0.135471440851438	-11.1996696217668	4.09256870428672e-29	2.43098581034631e-27
CD22	-1.5016939567872	0.145944682976863	-10.2894735605084	7.86049466658989e-25	3.890944859962e-23
MS4A1	-1.41175503646248	0.141037024526591	-10.0098186359306	1.38005302184698e-23	6.30578073059313e-22
CCR5	1.47099515493788	0.151331001197598	9.7203820981608	2.46853416892145e-22	1.04736378309953e-20
ZAP70	1.02757846144387	0.107145260422004	9.59051718570313	8.76445687227105e-22	3.47072492141934e-20
TUBB	1.07899439467881	0.128389858776768	8.40404690026852	4.31350299258977e-17	1.3655405007693e-15
PAX5	-1.15618445782393	0.139535766520938	-8.28593619149566	1.17183601193496e-16	3.48035295544684e-15
POLR1B	1.01622797171847	0.122921645918813	8.26728249627948	1.37046957658282e-16	3.87647108804856e-15
TNFRSF13C	-1.21957672800395	0.15150974379	-8.04949369919298	8.31372384068809e-16	2.0576466505703e-14
ZBTB16	1.30502060478436	0.165853103328279	7.86853292820985	3.58824117121527e-15	7.8941305766736e-14
CD79A	-1.08482073406675	0.139618825728251	-7.76987435905099	7.85640150500374e-15	1.50538790128136e-13
IRF5	1.06712343978777	0.140062132593264	7.61892897123497	2.55789158524851e-14	4.74808625511754e-13
AICDA	-1.47935060084136	0.196267919536946	-7.53740399516937	4.79419336673818e-14	8.37573782306611e-13
IL1RL2	-1.30361041499839	0.174516924813009	-7.46982229027463	8.03031956692317e-14	1.32500272854232e-12
CX3CR1	1.08748743317438	0.147420204904562	7.37678687855853	1.6215526328816e-13	2.60324936197748e-12
CCR1	2.00008685754556	0.273581973581597	7.3107406579514	2.65673861977514e-13	3.94525685036608e-12
IL12B	-1.55306578010388	0.219473594964174	-7.0763217796537	1.48030914850609e-12	2.09358008145862e-11
IL1RAP	-1.192449670751	0.16977239358401	-7.02381374013512	2.1589257536596e-12	2.98232999459023e-11
FCER1A	-1.77639827276831	0.255371360436602	-6.95613740605542	3.4972877258458e-12	4.72133842989182e-11
C4BPA	-2.69329352128528	0.390335845274842	-6.89993899839994	5.20248746517917e-12	6.8672834540365e-11
HLA-DRA	-1.52035031751648	0.221779123062585	-6.85524541950439	7.11901950550441e-12	8.99722890695664e-11
LAG3	1.31297159653902	0.205224112779342	6.39774526861146	1.57688062488937e-10	1.87333418236857e-09
C2	1.61123870293087	0.25884573977821	6.22470628379455	4.82458981165373e-10	5.16748186628914e-09
CD1A	-1.01841656947581	0.166668397953227	-6.11043594336113	9.93593526752442e-10	1.01421681298016e-08
NOS2	-1.12808264251496	0.189504890376693	-5.95278908250117	2.63610935649353e-09	2.40899839654947e-08
EBI3	-1.31250520201711	0.22292185559264	-5.88773675209101	3.91520083179666e-09	3.37047723780756e-08
STAT1	1.41811107877237	0.240806062827813	5.88901733668716	3.88498695346843e-09	3.37047723780756e-08
PDCD1	1.09473955934037	0.187791697519683	5.82954184769337	5.55797580684958e-09	4.71633947038378e-08
IL4	-1.1904282596623	0.20838616393984	-5.7126070040138	1.11258413572519e-08	8.81166635494348e-08
BST2	1.16811600666149	0.205369025191822	5.68788796446021	1.28620155198316e-08	1.00526805510263e-07
IFIH1	1.59713859535692	0.285716415473799	5.58994341542614	2.27143618579444e-08	1.68654136795237e-07
GP1BB	1.79760842295869	0.327466964677456	5.48943440670198	4.032228205021e-08	2.88571512503912e-07
IL22RA2	-1.14702706196261	0.209616990582692	-5.47201378463698	4.44950213822851e-08	3.14643365489016e-07
THY1	-1.3227421319393	0.244924994481606	-5.40060084410308	6.6418061698445e-08	4.48321916464504e-07
LILRA6	1.05922533436997	0.199613521464937	5.30638068301412	1.11823299060889e-07	7.21989561327914e-07
CCL15	-1.00593796457734	0.190205223531048	-5.28869789116561	1.2319016332621e-07	7.8682749479321e-07
SERPING1	2.46259427201482	0.46602608865826	5.2842412301528	1.26226832145929e-07	7.97646152071086e-07
KIR_Activating_Subgroup_1	1.67353057194891	0.321592981120093	5.20387779024309	1.95172382080757e-07	1.20762911412468e-06
CCBP2	-1.16821971289824	0.224622398032053	-5.20081578299035	1.9841569077098e-07	1.2150404156491e-06
GNLY	1.21384091385354	0.237499074716718	5.11092902278196	3.20578418011849e-07	1.90423580299039e-06
GBP1	1.35100503745138	0.26796907875337	5.0416452664481	4.61546285838445e-07	2.58640088479279e-06
C8B	-1.30630801602878	0.260864129634062	-5.00761840219757	5.51076522226999e-07	3.00311425874163e-06
SOCS1	1.00722014158056	0.21123612049387	4.76821927625674	1.85861427289994e-06	9.35607523815733e-06
KIR_Activating_Subgroup_2	1.44870988778851	0.306104639008775	4.73272764659729	2.21522638305939e-06	1.0965370596144e-05
IL18RAP	1.17731800587091	0.260180984182043	4.52499635810111	6.03965457331534e-06	2.89318936818493e-05
IL18R1	1.03673801651919	0.229852266784788	4.51045374066244	6.46891075392957e-06	3.04962935542394e-05
KLRB1	-1.30695534828677	0.2974444319513	-4.39394793747813	1.11310483954488e-05	4.82863703548722e-05
CEACAM1	1.07918660273223	0.24783200176915	4.35450867938142	1.33365696896569e-05	5.74052347511318e-05
IRF7	1.46764502907276	0.345682735330304	4.24564167970497	2.17968725712127e-05	9.05408552958067e-05
IFI35	1.16574344474636	0.282458675204209	4.12712919475233	3.67320051010956e-05	0.000149443911164731
KLRC1	1.06310577200347	0.267663480064813	3.97179985759	7.13316391942583e-05	0.000271608933855061
ITLN2	-1.00027170769296	0.253966245810858	-3.93860099203073	8.19580957082503e-05	0.000308120942093042
CCL8	1.84774241588984	0.491762100866821	3.75739084535562	0.000171694220368917	0.000586128545397338
MX1	1.56334198382739	0.472886124562987	3.3059586708579	0.000946520477042374	0.00271610223846942
CLEC5A	1.05062468746885	0.32477444984181	3.23493639348965	0.00121669832162768	0.0034252075973784
CXCL10	1.57130924698991	0.578846901161423	2.71455067624473	0.00663657457351104	0.0153390089364419
IFIT2	1.36666465502374	0.533887549920558	2.55983615880742	0.0104721521331361	0.0223757495218806
CTSG	1.50703925338536	0.620686230715675	2.42802108183983	0.0151814607756323	0.0304654989889378
LILRA3	-1.4115782974849	0.582233294771837	-2.42442043448935	0.0153328428040376	0.0306656856080752
