gene_name	logFC	AveExpr	t	P.Value	adj.P.Val	B
TLR10	1.49473220096578	6.73651781108301	13.7791777421967	1.55116529774329e-08	0.000171915649948888	9.15660084772896
OSBPL10	2.03713343510097	6.94521203062314	10.7551471513582	2.24947719901478e-07	0.00124654778983404	7.11228018266141
SNORA28	-1.45143625668454	6.34290639992098	-8.47835732401495	2.64415554999635e-06	0.00528036126398693	5.01714407389818
FOS	-2.42616233971455	10.8267634943605	-8.4129956895796	2.85862740989999e-06	0.00528036126398693	4.94811075052095
FCRLA	1.80429896385283	9.27850187422595	7.76515530196017	6.34951113029181e-06	0.00581172026944374	4.23348752059074
PDXDC2P	-1.02167073769041	8.38105889116899	-7.69689616890678	6.92545692717637e-06	0.00581172026944374	4.15487538385762
CD24	1.67471537585953	9.18627339668755	7.66439372969622	7.21914989483141e-06	0.00581172026944374	4.11721456193672
ABCA7	-1.00685252567922	8.11427333274282	-7.62258577517125	7.61669499329607e-06	0.00581172026944374	4.06855329180853
PTPRC	1.17361133696842	6.4501096359256	7.58808921660861	7.96237682954261e-06	0.00581172026944374	4.02821641805835
LOC90925	1.81811973128643	7.38587120456017	7.52965468922079	8.58685262765157e-06	0.00581172026944374	3.95950424304271
SNX29	-1.30046494857149	6.14456985731864	-7.50079055398879	8.91448566097119e-06	0.00581172026944374	3.92538414339086
FOSB	-3.18702769303404	7.44556837913089	-7.28390460683005	1.18489479679274e-05	0.00695982083557725	3.66517205443665
JUP	-2.2119863161153	7.83631009569495	-7.2568564371052	1.22819086850827e-05	0.00695982083557725	3.63224166926264
AMFR	1.52172527176891	8.23395022540491	7.09631495826279	1.52258509898027e-05	0.00758383814920261	3.4345710164753
POU2AF1	1.13541135133309	6.4838294614926	7.08755545959208	1.54068231972693e-05	0.00758383814920261	3.42367585463096
EGR1	-2.20292158169367	8.49144148779505	-7.03651828035042	1.65080184681016e-05	0.00758383814920261	3.35996768117923
C16orf7	-1.02458906881588	7.777343713364	-6.98144915692533	1.77911929873922e-05	0.00758383814920261	3.29078931370345
MS4A1	1.51343299171586	7.85830677515454	6.93410581250201	1.8979622296038e-05	0.00779078347803666	3.23095164847492
TBC1D10B	-1.04268344239298	7.53153744069579	-6.8396793609557	2.16107041551214e-05	0.00805519291517563	3.1105930362625
KLF4	-1.03307032453681	8.41694848682098	-6.83322672121005	2.18041854601885e-05	0.00805519291517563	3.10231889294956
CXCR4	1.36681113328955	9.28947963277297	6.5936823623	3.04721890899747e-05	0.00952356483024096	2.79063810848096
STAB1	-1.12176997381662	8.24785399698315	-6.5568650397679	3.21022315872131e-05	0.00952356483024096	2.74194822526052
AL359560	-1.37323853215899	7.59106052754941	-6.52658487202904	3.35124991770638e-05	0.00952356483024096	2.70174556363915
LOC728153	-1.38785922503838	7.83989784045525	-6.42981007184003	3.8480096333013e-05	0.0106618726914696	2.57229911938399
RRP12	-1.2117454378907	7.29162078044823	-6.233672689459	5.111829998946e-05	0.0133337775589564	2.30543212183325
LOC338817	-1.04772284268299	6.05290877393719	-6.15037078115207	5.77626327536989e-05	0.0133371512251926	2.19024985926232
POU2F2	-1.0019938816079	6.35700816477401	-6.03884149727708	6.81315342226695e-05	0.0145211883421124	2.03430938761469
BANK1	1.35873322717451	7.25567421842459	5.92061079772357	8.13153804396258e-05	0.0150619126809276	1.86683143941559
E2F5	1.00504606092153	7.49562697625384	5.87538876226106	8.70523188308158e-05	0.0150619126809276	1.80218174130778
RP2	1.07128547386843	5.80624569322472	5.87255406874564	8.74259560552907e-05	0.0150619126809276	1.79811834239211
MOV10	-1.12724239622012	7.65843209272541	-5.83582189412536	9.24244916824312e-05	0.0150619126809276	1.74534814226996
TSPAN13	1.21152828867555	7.43396909130787	5.78827664566243	9.9349023322813e-05	0.0150619126809276	1.67672276160307
WARS	-1.0764815969932	10.5749120877483	-5.78228551728186	0.000100259856309876	0.0150619126809276	1.66804965727848
CD79A	1.50881045175388	8.49670603039155	5.7697613335019	0.000102192636105831	0.0151013464794791	1.64990034992291
SF3A1	1.12246130766399	7.310410674789	5.68446626592286	0.000116452688051436	0.0157748738254647	1.52562755635115
TNFAIP2	-1.40133904629837	8.17580368855101	-5.61853939455355	0.000128914580519815	0.0166134918128036	1.42877567492403
ID3	1.00873670554462	7.36374450987485	5.54000237668762	0.000145628738214027	0.0177363000618249	1.31249143186009
LOC284837	-1.06175596321113	7.26939484168232	-5.3861785300312	0.000185371168388063	0.0210910968519131	1.08188673205481
BLK	1.63094490867404	7.53608532169781	5.30767018032315	0.000209936098367124	0.0215437201685448	0.962744505734801
NAG8	-1.1071955090285	7.29902603522334	-5.27450525188159	0.000221325468236444	0.0219013407541474	0.912122162265451
AK129699	-1.24587410907975	8.77299330307465	-5.24089558714153	0.000233535088204632	0.0225066902832342	0.860644631405909
ATG16L2	-1.05440214045111	8.84927766317274	-5.21832743724341	0.000242130976553632	0.0227418441791856	0.825979233968503
GNG7	1.07428575462444	7.60082952420196	5.15296501568081	0.000268962523735611	0.0234738185766712	0.725131729737861
P2RX1	-1.02101103911968	8.16628727834665	-5.1399678006456	0.000274662030269374	0.0234738185766712	0.70499911546914
KLHL14	1.07187498019754	5.90200538803766	5.13855352973249	0.000275289848005142	0.0234738185766712	0.7028068362961
MDFIC	1.15647369719672	6.43265265567731	5.09147089314035	0.000297077878075068	0.0241196796924049	0.62964671092531
CD1C	1.10255787359515	6.5544735597183	5.08005314104155	0.000302630537221039	0.0243047408987013	0.611853474313034
CPT1B	-1.17287207040044	6.94725879443157	-5.01217487964385	0.000337978060908422	0.0253095327638381	0.505659752997399
ZNF679	1.04691288989886	7.93223593429004	4.93922317216089	0.000380856646476702	0.0259540652821087	0.3907454611048
DUSP1	-1.13942440027436	11.3662890709845	-4.93785752182506	0.000381711868716387	0.0259540652821087	0.388586592789813
PARP12	-1.10063200617601	9.49425353319702	-4.89465903131394	0.000409833366327193	0.0267919516459398	0.320152143484293
X69637	-1.13301769657051	6.75688450449904	-4.84230286915335	0.000446862224059226	0.0276800444220725	0.236836274987725
MORC3	1.30169191295349	6.64510928319541	4.82564995382043	0.000459363758352336	0.0280109543332649	0.210250722952988
CD19	1.3338730818495	8.58595477558995	4.78010623438485	0.000495465467092646	0.0286002279780614	0.137333856063664
ERAP2	1.00560333796829	10.5103346869956	4.69831908753078	0.000567970175041666	0.0310459632377239	0.0056315467372352
STAT2	-1.07203829036343	11.3023744719136	-4.64040248895027	0.000625985481452098	0.0324659459609003	-0.0882124440780689
STAP1	1.01124391697897	7.59595729616773	4.61513038331281	0.000653215493652933	0.0325527425180226	-0.12931022919508
TYMP	-1.00595248250837	9.01683529576962	-4.48142868309448	0.000819407875389764	0.0342223113766153	-0.348207594039834
SAMD9L	-1.00141951887485	9.40774997883394	-4.46911015252413	0.000836799276645561	0.0342223113766153	-0.368497637425139
VPREB3	1.27624072938133	7.73088308085251	4.43201821102	0.000891532392595268	0.0353628143063972	-0.429713968348535
FCRL5	1.15903543816278	7.09192358480722	4.33227680711107	0.00105804958892327	0.0378077922120844	-0.595214038643768
BBS10	1.01472656218898	6.02365494395467	4.33186895550313	0.00105879343884782	0.0378077922120844	-0.595893386664257
AK024852	-1.08693916897283	6.96814362580476	-4.25231588109842	0.00121483234011141	0.0401470794877456	-0.728796870980894
GABBR1	-1.31774359499856	7.67521452183511	-4.14594133204759	0.00146174640547326	0.044263757955902	-0.907693656173683
